Iteration	CPUTime	PhysTime	Travels	Value	AvValue	MinValue	MaxValue	Delta	Criteria	Progress	dGMaxMin	CriteriaType	CriteriaVarType	CriteriaPercentage
1	11	0	0.00783285131	90.663211	90.663211	90.663211	90.663211	0	0	0	0	0	0	0	3
2	13	0	0.0156657026	6.58761565	48.6254133	6.58761565	90.663211	42.0377977	0	0	0	0	0	0	3
3	15	0	0.0234985539	5.90458508	34.3851372	5.90458508	90.663211	56.2780738	0	0	0	0	0	0	3
4	17	0	0.0313314053	-0.622378778	25.6332582	-0.622378778	90.663211	65.0299528	0	0	0	0	0	0	3
5	19	0	0.0391642566	3.98367749	21.3033421	-0.622378778	90.663211	69.3598689	0	0	0	0	0	0	3
6	20	0	0.0469971079	0.830293759	17.8911674	-0.622378778	90.663211	72.7720436	0	0	0	0	0	0	3
7	22	0	0.0548299592	2.82521821	15.7388889	-0.622378778	90.663211	74.9243221	0	0	0	0	0	0	3
8	24	0	0.0626628105	1.31007286	13.9352869	-0.622378778	90.663211	76.7279241	0	0	0	0	0	0	3
9	25	0	0.0704956618	2.33280103	12.6461218	-0.622378778	90.663211	78.0170892	0	0	0	0	0	0	3
10	27	0	0.0783285131	1.58196548	11.5397062	-0.622378778	90.663211	79.1235048	0	0	0	0	0	0	3
11	28	0	0.0861613645	1.87502016	10.6610984	-0.622378778	90.663211	80.0021127	0	0	0	0	0	0	3
12	30	0	0.0939942158	1.6868624	9.91324536	-0.622378778	90.663211	80.7499657	0	0	0	0	0	0	3
13	31	0	0.101827067	1.72536803	9.28340864	-0.622378778	90.663211	81.3798024	0	0	0	0	0	0	3
14	33	0	0.109659918	1.70548923	8.74212869	-0.622378778	90.663211	81.9210823	0	0	0	0	0	0	3
15	34	0	0.11749277	1.66859019	8.27055945	-0.622378778	90.663211	82.3926516	0	0	0	0	0	0	3
16	36	0	0.125325621	1.67268164	7.85819209	-0.622378778	90.663211	82.8050189	0	0	0	0	0	0	3
17	38	0	0.133158472	1.62620892	7.49160484	-0.622378778	90.663211	83.1716062	0	0	0	0	0	0	3
18	39	0	0.140991324	1.60953816	7.16482336	-0.622378778	90.663211	83.4983877	0	0	0	0	0	0	3
19	40	0	0.148824175	1.58827848	6.871321	-0.622378778	90.663211	83.79189	0	0	0	0	0	0	3
20	42	0	0.156657026	1.56382154	6.60594603	-0.622378778	90.663211	84.057265	0	0	0	0	0	0	3
21	44	0	0.164489878	1.53819506	6.36462455	-0.622378778	90.663211	84.2985865	0	0	0	0	0	0	3
22	45	0	0.172322729	1.5287836	6.1448136	-0.622378778	90.663211	84.5183974	0	0	0	0	0	0	3
23	46	0	0.18015558	1.52594173	5.94399308	-0.622378778	90.663211	84.7192179	0	0	0	0	0	0	3
24	48	0	0.187988432	1.52280558	5.75977694	-0.622378778	90.663211	84.9034341	0	0	0	0	0	0	3
25	49	0	0.195821283	1.52123662	5.59023533	-0.622378778	90.663211	85.0729757	0	0	0	0	0	0	3
26	51	0	0.203654134	1.55438994	5.4350105	-0.622378778	90.663211	85.2282005	0	0	0	0	0	0	3
27	52	0	0.211486985	1.55171047	5.29118458	-0.622378778	90.663211	85.3720264	0	0	0	0	0	0	3
28	54	0	0.219319837	1.54182927	5.15727903	-0.622378778	90.663211	85.505932	0	0	0	0	0	0	3
29	55	0	0.227152688	1.53085623	5.03222997	-0.622378778	90.663211	85.630981	0	0	0	0	0	0	3
30	57	0	0.234985539	1.52280878	4.91524926	-0.622378778	90.663211	85.7479618	0	0	0	0	0	0	3
31	58	0	0.242818391	1.50338874	4.80518924	-0.622378778	90.663211	85.8580218	0	0	0	0	0	0	3
32	60	0	0.250651242	1.52063811	4.70254702	-0.622378778	90.663211	85.960664	0	0	0	0	0	0	3
33	62	0	0.258484093	1.54519281	4.60686962	-0.622378778	90.663211	86.0563414	0	0	0	0	0	0	3
34	63	0	0.266316945	1.57193012	4.51760669	-0.622378778	90.663211	86.1456043	0	0	0	0	0	0	3
35	65	0	0.274149796	1.59866911	4.43420848	-0.622378778	90.663211	86.2290025	0	0	0	0	0	0	3
36	66	0	0.281982647	1.59375846	4.35530709	-0.622378778	90.663211	86.3079039	0	0	0	0	0	0	3
37	68	0	0.289815499	1.60992943	4.28110769	-0.622378778	90.663211	86.3821033	0	0	0	0	0	0	3
38	69	0	0.29764835	1.6226311	4.21114778	-0.622378778	90.663211	86.4520632	0	0	0	0	0	0	3
39	71	0	0.305481201	1.63316769	4.14504573	-0.622378778	90.663211	86.5181653	0	0	0	0	0	0	3
40	72	0	0.313314053	1.64299894	4.08249456	-0.622378778	90.663211	86.5807165	0	0	0	0	0	0	3
41	74	0	0.321146904	1.62735636	4.02261314	-0.622378778	90.663211	86.6405979	0	0	0	0	0	0	3
42	76	0	0.328979755	1.63766651	3.9658287	-0.622378778	90.663211	86.6973823	0	0	0	0	0	0	3
43	77	0	0.336812606	1.64817974	3.91192988	-0.622378778	90.663211	86.7512811	0	0	0	0	0	0	3
44	79	0	0.344645458	1.65797733	3.86070369	-0.622378778	90.663211	86.8025073	0	0	0	0	0	0	3
45	80	0	0.352478309	1.66504955	3.81191137	-0.622378778	90.663211	86.8512996	0	0	0	0	0	0	3
46	82	0	0.36031116	1.63233635	3.76452931	-0.622378778	90.663211	86.8986817	0	0	0	0	0	0	3
47	84	0	0.368144012	1.63565401	3.71923409	-0.622378778	90.663211	86.9439769	0	0	0	0	0	0	3
48	85	0	0.375976863	1.64447471	3.67600994	-0.622378778	90.663211	86.9872011	0	0	0	0	0	0	3
49	87	0	0.383809714	1.65480372	3.63476083	-0.622378778	90.663211	87.0284502	0	0	0	0	0	0	3
50	88	0	0.391642566	1.66633846	3.59539238	-0.622378778	90.663211	87.0678186	0	0	0	0	0	0	3
51	90	0	0.399475417	1.68870566	3.55800637	-0.622378778	90.663211	87.1052046	0	0	0	0	0	0	3
52	92	0	0.407308268	1.71151261	3.52249687	-0.622378778	90.663211	87.1407141	0	0	0	0	0	0	3
53	93	0	0.41514112	1.73498358	3.48877021	-0.622378778	90.663211	87.1744408	0	0	0	0	0	0	3
54	95	0	0.422973971	1.7566802	3.45669447	-0.622378778	90.663211	87.2065165	0	0	0	0	0	0	3
55	96	0	0.430806822	1.77451204	3.42610933	-0.622378778	90.663211	87.2371017	0	0	0	0	0	0	3
56	98	0	0.438639674	1.76920581	3.39652177	-0.622378778	90.663211	87.2666892	0	0	0	0	0	0	3
57	100	0	0.446472525	1.77079357	3.36800022	-0.622378778	90.663211	87.2952108	0	0	0	0	0	0	3
58	101	0	0.454305376	1.7682254	3.3404179	-0.622378778	90.663211	87.3227931	0	0	0	0	0	0	3
59	103	0	0.462138228	1.76190663	3.31366347	-0.622378778	90.663211	87.3495475	0	0	0	0	0	0	3
60	104	0	0.469971079	1.75368826	3.28766388	-0.622378778	90.663211	87.3755471	0	0	0	0	0	0	3
61	106	0	0.47780393	1.72114832	3.2619833	-0.622378778	90.663211	87.4012277	0	0	0	0	0	0	3
62	107	0	0.485636781	1.70326849	3.23684274	-0.622378778	90.663211	87.4263683	0	0	0	0	0	0	3
63	109	0	0.493469633	1.68737071	3.21224794	-0.622378778	90.663211	87.4509631	0	0	0	0	0	0	3
64	111	0	0.501302484	1.67502201	3.18822879	-0.622378778	90.663211	87.4749822	0	0	0	0	0	0	3
65	112	0	0.509135335	1.66426518	1.79762026	-0.622378778	6.58761565	7.20999443	0	0	0	0	0	0	3
66	114	0	0.516968187	1.64161163	1.72033895	-0.622378778	5.90458508	6.52696385	0	0	0	0	0	0	3
67	115	0	0.524801038	1.63150937	1.65357214	-0.622378778	3.98367749	4.60605627	0	0	0	0	0	0	3
68	117	0	0.532633889	1.62490197	1.6886859	0.830293759	3.98367749	3.15338373	0	0	0	0	0	0	3
69	119	0	0.540466741	1.61895609	1.65173713	0.830293759	2.82521821	1.99492445	0	0	0	0	0	0	3
70	120	0	0.548299592	1.61511351	1.66399994	1.31007286	2.82521821	1.51514535	0	0	0	0	0	0	3
71	122	0	0.556132443	1.60785302	1.64497861	1.31007286	2.33280103	1.02272817	0	0	0	0	0	0	3
72	123	0	0.563965295	1.5983638	1.64948315	1.50338874	2.33280103	0.829412291	0	0	0	0	0	0	3
73	125	0	0.571798146	1.58811099	1.63784737	1.50338874	1.87502016	0.37163142	0	0	0	0	0	0	3
74	126	0	0.579630997	1.57831822	1.63779038	1.50338874	1.87502016	0.37163142	0	0	0	0	0	0	3
75	128	0	0.587463849	1.56824163	1.63299697	1.50338874	1.77451204	0.271123305	0	0	0	0	0	0	3
76	130	0	0.5952967	1.55013287	1.63086057	1.50338874	1.77451204	0.271123305	0	0	0	0	0	0	3
77	131	0	0.603129551	1.54311869	1.62801292	1.50338874	1.77451204	0.271123305	0	0	0	0	0	0	3
78	133	0	0.610962402	1.53752462	1.62538847	1.50338874	1.77451204	0.271123305	0	0	0	0	0	0	3
79	134	0	0.618795254	1.53203262	1.62325476	1.50338874	1.77451204	0.271123305	0	0	0	0	0	0	3
80	136	0	0.626628105	1.52663758	1.62097282	1.50338874	1.77451204	0.271123305	0	0	0	0	0	0	3
81	137	0	0.634460956	1.50164655	1.61902654	1.50164655	1.77451204	0.272865495	0	0	0	0	0	0	3
82	139	0	0.642293808	1.49293691	1.61720464	1.49293691	1.77451204	0.281575138	0	0	0	0	0	0	3
83	141	0	0.650126659	1.48573729	1.61560244	1.48573729	1.77451204	0.288774755	0	0	0	0	0	0	3
84	142	0	0.65795951	1.47998101	1.61429243	1.47998101	1.77451204	0.294531033	0	0	0	0	0	0	3
85	144	0	0.665792362	1.4754912	1.61331268	1.4754912	1.77451204	0.299020844	0	0	0	0	0	0	3
86	145	0	0.673625213	1.47827721	1.61252352	1.4754912	1.77451204	0.299020844	0	0	0	0	0	0	3
87	147	0	0.681458064	1.48605618	1.61190031	1.4754912	1.77451204	0.299020844	0	0	0	0	0	0	3
88	149	0	0.689290916	1.49308582	1.61143593	1.4754912	1.77451204	0.299020844	0	0	0	0	0	0	3
89	150	0	0.697123767	1.49893659	1.6110875	1.4754912	1.77451204	0.299020844	0	0	0	0	0	0	3
90	152	0	0.704956618	1.504105	1.61030179	1.4754912	1.77451204	0.299020844	0	0	0	0	0	0	3
91	153	0	0.71278947	1.49982997	1.60949116	1.4754912	1.77451204	0.299020844	0	0	0	0	0	0	3
92	155	0	0.720622321	1.50189019	1.60886711	1.4754912	1.77451204	0.299020844	0	0	0	0	0	0	3
93	156	0	0.728455172	1.50364555	1.60844195	1.4754912	1.77451204	0.299020844	0	0	0	0	0	0	3
94	158	0	0.736288023	1.505096	1.60816518	1.4754912	1.77451204	0.299020844	0	0	0	0	0	0	3
95	160	0	0.744120875	1.50476736	1.60818673	1.4754912	1.77451204	0.299020844	0	0	0	0	0	0	3
96	161	0	0.751953726	1.48729459	1.60766573	1.4754912	1.77451204	0.299020844	0	0	0	0	0	0	3
97	163	0	0.759786577	1.48325223	1.60669791	1.4754912	1.77451204	0.299020844	0	0	0	0	0	0	3
98	164	0	0.767619429	1.481948	1.60529194	1.4754912	1.77451204	0.299020844	0	0	0	0	0	0	3
99	166	0	0.77545228	1.4805459	1.60344627	1.4754912	1.77451204	0.299020844	0	0	0	0	0	0	3
100	167	0	0.783285131	1.47911116	1.6016549	1.4754912	1.77451204	0.299020844	0	0	0	0	0	0	3
101	171	0	0.791117983	1.47039757	1.59947472	1.47039757	1.77451204	0.304114475	0	0	0	0	0	0	3
102	172	0	0.798950834	1.47351543	1.59714478	1.47039757	1.77451204	0.304114475	0	0	0	0	0	0	3
103	174	0	0.806783685	1.479109	1.59473762	1.47039757	1.77451204	0.304114475	0	0	0	0	0	0	3
104	175	0	0.814616537	1.48443862	1.59226011	1.47039757	1.77451204	0.304114475	0	0	0	0	0	0	3
105	177	0	0.822449388	1.48889114	1.59009659	1.47039757	1.77451204	0.304114475	0	0	0	0	0	0	3
106	178	0	0.830282239	1.49239825	1.58782678	1.47039757	1.77451204	0.304114475	0	0	0	0	0	0	3
107	180	0	0.838115091	1.50052632	1.58551969	1.47039757	1.77451204	0.304114475	0	0	0	0	0	0	3
108	182	0	0.845947942	1.50741411	1.58316714	1.47039757	1.77451204	0.304114475	0	0	0	0	0	0	3
109	183	0	0.853780793	1.51280158	1.58078827	1.47039757	1.77451204	0.304114475	0	0	0	0	0	0	3
110	185	0	0.861613645	1.51596156	1.57896991	1.47039757	1.77451204	0.304114475	0	0	0	0	0	0	3
111	186	0	0.869446496	1.50833836	1.5769806	1.47039757	1.77451204	0.304114475	0	0	0	0	0	0	3
112	188	0	0.877279347	1.50767234	1.57484307	1.47039757	1.77451204	0.304114475	0	0	0	0	0	0	3
113	189	0	0.885112198	1.50591846	1.57251673	1.47039757	1.77451204	0.304114475	0	0	0	0	0	0	3
114	191	0	0.89294505	1.50332233	1.56996961	1.47039757	1.77451204	0.304114475	0	0	0	0	0	0	3
115	192	0	0.900777901	1.50024896	1.56702497	1.47039757	1.77451204	0.304114475	0	0	0	0	0	0	3
116	194	0	0.908610752	1.47540425	1.56333578	1.47039757	1.77451204	0.304114475	0	0	0	0	0	0	3
117	195	0	0.916443604	1.47191065	1.55922526	1.47039757	1.77451204	0.304114475	0	0	0	0	0	0	3
118	197	0	0.924276455	1.47221197	1.55478045	1.47039757	1.77451204	0.304114475	0	0	0	0	0	0	3
119	199	0	0.932109306	1.47401865	1.55008524	1.47039757	1.77079357	0.300396002	0	0	0	0	0	0	3
120	200	0	0.939942158	1.47540001	1.54549452	1.47039757	1.77079357	0.300396002	0	0	0	0	0	0	3
121	202	0	0.947775009	1.47732785	1.54090912	1.47039757	1.7682254	0.297827833	0	0	0	0	0	0	3
122	203	0	0.95560786	1.48326061	1.53645655	1.47039757	1.76190663	0.291509059	0	0	0	0	0	0	3
123	205	0	0.963440712	1.48832688	1.53218186	1.47039757	1.75368826	0.283290686	0	0	0	0	0	0	3
124	207	0	0.971273563	1.49182775	1.52809029	1.47039757	1.72114832	0.250750751	0	0	0	0	0	0	3
125	208	0	0.979106414	1.49416979	1.52454375	1.47039757	1.70326849	0.232870919	0	0	0	0	0	0	3
126	210	0	0.986939266	1.48633887	1.52115423	1.47039757	1.68737071	0.216973143	0	0	0	0	0	0	3
127	211	0	0.994772117	1.49098338	1.51808568	1.47039757	1.67502201	0.204624444	0	0	0	0	0	0	3
128	213	0	1.00260497	1.49585823	1.51528624	1.47039757	1.66426518	0.193867616	0.195808916	0	100	0	0	0	3
129	214	0	1.01043782	1.48171258	1.51243386	1.47039757	1.64161163	0.171214061	0.195808916	0	100	0	0	0	3
130	216	0	1.01827067	1.48025929	1.50991273	1.47039757	1.63150937	0.161111804	0.195808916	0	100	0	0	0	3
131	218	0	1.02610352	1.46955726	1.50738222	1.46955726	1.62490197	0.155344713	0.195808916	0	100	0	0	0	3
132	219	0	1.03393637	1.46167921	1.50483187	1.46167921	1.61895609	0.157276882	0.195808916	0	100	0	0	0	3
133	221	0	1.04176922	1.45009924	1.50219348	1.45009924	1.61511351	0.161806456	0.195808916	0	100	0	0	0	3
134	223	0	1.04960208	1.44274451	1.49950021	1.44274451	1.60785302	0.149982937	0.195808916	0	100	0	0	0	3
135	225	0	1.05743493	1.44337498	1.49693025	1.44274451	1.5983638	0.152552906	0.195808916	0	100	0	0	0	3
136	226	0	1.06526778	1.44646749	1.49455687	1.44274451	1.58811099	0.143290504	0.195808916	0	100	0	0	0	3
137	228	0	1.07310063	1.45055988	1.49240763	1.44274451	1.57831822	0.135573714	0.195808916	0	100	0	0	0	3
138	229	0	1.08093348	1.4547481	1.49047685	1.44274451	1.56824163	0.12549712	0.195808916	0	100	0	0	0	3
139	231	0	1.08876633	1.44998229	1.48862904	1.44274451	1.55013287	0.107388366	0.195808916	0	100	0	0	0	3
140	233	0	1.09659918	1.44152761	1.48693209	1.44152761	1.54311869	0.101591081	0.195808916	0	100	0	0	0	3
141	234	0	1.10443204	1.42593383	1.48510107	1.42593383	1.53752462	0.111590787	0.195808916	0	100	0	0	0	3
142	236	0	1.11226489	1.41613273	1.48320433	1.41613273	1.53203262	0.115899894	0.195808916	0	100	0	0	0	3
143	238	0	1.12009774	1.41109662	1.4813147	1.41109662	1.52663758	0.115540964	0.195808916	0	100	0	0	0	3
144	239	0	1.12793059	1.4082467	1.47946484	1.4082467	1.51596156	0.107714859	0.195808916	0	100	0	0	0	3
145	241	0	1.13576344	1.40469505	1.47794998	1.40469505	1.51596156	0.111266516	0.195808916	0	100	0	0	0	3
146	243	0	1.14359629	1.40231947	1.47653408	1.40231947	1.51596156	0.113642092	0.195808916	0	100	0	0	0	3
147	244	0	1.15142914	1.39558259	1.47512541	1.39558259	1.51596156	0.120378973	0.195808916	0	100	0	0	0	3
148	246	0	1.15926199	1.39035187	1.47372496	1.39035187	1.51596156	0.125609687	0.195808916	0	100	0	0	0	3
149	248	0	1.16709485	1.38926422	1.47237766	1.38926422	1.51596156	0.126697345	0.195808916	0	100	0	0	0	3
150	249	0	1.1749277	1.39395223	1.47106008	1.38926422	1.51596156	0.126697345	0.195808916	0	100	0	0	0	3
151	251	0	1.18276055	1.39045974	1.46956639	1.38926422	1.51596156	0.126697345	0.195808916	0	100	0	0	0	3
152	253	0	1.1905934	1.38574937	1.46788925	1.38574937	1.51596156	0.13021219	0.195808916	0	100	0	0	0	3
153	254	0	1.19842625	1.38161362	1.46605608	1.38161362	1.51596156	0.134347943	0.195808916	0	100	0	0	0	3
154	256	0	1.2062591	1.37673588	1.46406594	1.37673588	1.51596156	0.139225677	0.195808916	0	100	0	0	0	3
155	258	0	1.21409195	1.37558314	1.46212458	1.37558314	1.51596156	0.140378421	0.195808916	0	100	0	0	0	3
156	259	0	1.2219248	1.37927169	1.46020867	1.37558314	1.51596156	0.140378421	0.195808916	0	100	0	0	0	3
157	261	0	1.22975766	1.38350802	1.45833152	1.37558314	1.51596156	0.140378421	0.195808916	0	100	0	0	0	3
158	263	0	1.23759051	1.38500897	1.45645516	1.37558314	1.51596156	0.140378421	0.195808916	0	100	0	0	0	3
159	264	0	1.24542336	1.38290136	1.45455101	1.37558314	1.51596156	0.140378421	0.195808916	0	100	0	0	0	3
