Iteration	CPUTime	PhysTime	Travels	Value	AvValue	MinValue	MaxValue	Delta	Criteria	Progress	dGMaxMin	CriteriaType	CriteriaVarType	CriteriaPercentage
1	11	0	0.00783285131	-209.411156	-209.411156	-209.411156	-209.411156	0	0	0	0	0	0	0	3
2	13	0	0.0156657026	1.19821596	-104.10647	-209.411156	1.19821596	105.304686	0	0	0	0	0	0	3
3	15	0	0.0234985539	-3.70920698	-70.6407157	-209.411156	1.19821596	138.77044	0	0	0	0	0	0	3
4	17	0	0.0313314053	12.6734393	-49.812177	-209.411156	12.6734393	159.598979	0	0	0	0	0	0	3
5	19	0	0.0391642566	-6.25298813	-41.1003392	-209.411156	12.6734393	168.310817	0	0	0	0	0	0	3
6	20	0	0.0469971079	9.1796837	-32.7203354	-209.411156	12.6734393	176.690821	0	0	0	0	0	0	3
7	22	0	0.0548299592	-4.84848946	-28.7386431	-209.411156	12.6734393	180.672513	0	0	0	0	0	0	3
8	24	0	0.0626628105	7.83229215	-24.1672762	-209.411156	12.6734393	185.24388	0	0	0	0	0	0	3
9	25	0	0.0704956618	-3.64415503	-21.8869294	-209.411156	12.6734393	187.524227	0	0	0	0	0	0	3
10	27	0	0.0783285131	6.71185153	-19.0270513	-209.411156	12.6734393	190.384105	0	0	0	0	0	0	3
11	28	0	0.0861613645	-3.16938957	-17.5854457	-209.411156	12.6734393	191.825711	0	0	0	0	0	0	3
12	30	0	0.0939942158	3.29804156	-15.8451551	-209.411156	12.6734393	193.566001	0	0	0	0	0	0	3
13	31	0	0.101827067	-1.23272702	-14.7211222	-209.411156	12.6734393	194.690034	0	0	0	0	0	0	3
14	33	0	0.109659918	0.841553909	-13.6095025	-209.411156	12.6734393	195.801654	0	0	0	0	0	0	3
15	34	0	0.11749277	-0.621503148	-12.7436358	-209.411156	12.6734393	196.66752	0	0	0	0	0	0	3
16	36	0	0.125325621	-0.137105775	-11.9557277	-209.411156	12.6734393	197.455429	0	0	0	0	0	0	3
17	38	0	0.133158472	0.221730386	-11.2394066	-209.411156	12.6734393	198.17175	0	0	0	0	0	0	3
18	39	0	0.140991324	-0.837136994	-10.6615028	-209.411156	12.6734393	198.749653	0	0	0	0	0	0	3
19	40	0	0.148824175	0.0865548279	-10.0958155	-209.411156	12.6734393	199.315341	0	0	0	0	0	0	3
20	42	0	0.156657026	-0.854572481	-9.63375337	-209.411156	12.6734393	199.777403	0	0	0	0	0	0	3
21	44	0	0.164489878	-0.409206221	-9.19448922	-209.411156	12.6734393	200.216667	0	0	0	0	0	0	3
22	45	0	0.172322729	-0.659587542	-8.80653915	-209.411156	12.6734393	200.604617	0	0	0	0	0	0	3
23	46	0	0.18015558	-0.485607001	-8.44475949	-209.411156	12.6734393	200.966397	0	0	0	0	0	0	3
24	48	0	0.187988432	-0.4959779	-8.11356026	-209.411156	12.6734393	201.297596	0	0	0	0	0	0	3
25	49	0	0.195821283	-0.395277304	-7.80482894	-209.411156	12.6734393	201.606327	0	0	0	0	0	0	3
26	51	0	0.203654134	-0.27174732	-7.51509503	-209.411156	12.6734393	201.896061	0	0	0	0	0	0	3
27	52	0	0.211486985	-0.148283934	-7.24225017	-209.411156	12.6734393	202.168906	0	0	0	0	0	0	3
28	54	0	0.219319837	-0.0949029264	-6.98698777	-209.411156	12.6734393	202.424168	0	0	0	0	0	0	3
29	55	0	0.227152688	-0.0930473275	-6.74926569	-209.411156	12.6734393	202.661891	0	0	0	0	0	0	3
30	57	0	0.234985539	-0.0996515921	-6.52761189	-209.411156	12.6734393	202.883544	0	0	0	0	0	0	3
31	58	0	0.242818391	-0.0318634849	-6.31807161	-209.411156	12.6734393	203.093085	0	0	0	0	0	0	3
32	60	0	0.250651242	0.136337215	-6.11637134	-209.411156	12.6734393	203.294785	0	0	0	0	0	0	3
33	62	0	0.258484093	0.328885706	-5.92106052	-209.411156	12.6734393	203.490096	0	0	0	0	0	0	3
34	63	0	0.266316945	0.54316653	-5.73093619	-209.411156	12.6734393	203.68022	0	0	0	0	0	0	3
35	65	0	0.274149796	0.778504692	-5.54495217	-209.411156	12.6734393	203.866204	0	0	0	0	0	0	3
36	66	0	0.281982647	1.00223862	-5.36308576	-209.411156	12.6734393	204.04807	0	0	0	0	0	0	3
37	68	0	0.289815499	1.21262192	-5.18536393	-209.411156	12.6734393	204.225792	0	0	0	0	0	0	3
38	69	0	0.29764835	1.3876683	-5.0123894	-209.411156	12.6734393	204.398767	0	0	0	0	0	0	3
39	71	0	0.305481201	1.53100232	-4.84461012	-209.411156	12.6734393	204.566546	0	0	0	0	0	0	3
40	72	0	0.313314053	1.65932933	-4.68201164	-209.411156	12.6734393	204.729145	0	0	0	0	0	0	3
41	74	0	0.321146904	1.77234789	-4.52458823	-209.411156	12.6734393	204.886568	0	0	0	0	0	0	3
42	76	0	0.328979755	1.89939862	-4.37163616	-209.411156	12.6734393	205.03952	0	0	0	0	0	0	3
43	77	0	0.336812606	2.01609471	-4.22308428	-209.411156	12.6734393	205.188072	0	0	0	0	0	0	3
44	79	0	0.344645458	2.10852481	-4.07918408	-209.411156	12.6734393	205.331972	0	0	0	0	0	0	3
45	80	0	0.352478309	2.19022862	-3.93986379	-209.411156	12.6734393	205.471292	0	0	0	0	0	0	3
46	82	0	0.36031116	2.16303454	-3.80719209	-209.411156	12.6734393	205.603964	0	0	0	0	0	0	3
47	84	0	0.368144012	2.12090416	-3.68106238	-209.411156	12.6734393	205.730094	0	0	0	0	0	0	3
48	85	0	0.375976863	2.07195414	-3.56120787	-209.411156	12.6734393	205.849948	0	0	0	0	0	0	3
49	87	0	0.383809714	2.02097479	-3.44728578	-209.411156	12.6734393	205.96387	0	0	0	0	0	0	3
50	88	0	0.391642566	1.97969691	-3.33874612	-209.411156	12.6734393	206.07241	0	0	0	0	0	0	3
51	90	0	0.399475417	1.99123908	-3.23423661	-209.411156	12.6734393	206.17692	0	0	0	0	0	0	3
52	92	0	0.407308268	2.04900582	-3.13263579	-209.411156	12.6734393	206.27852	0	0	0	0	0	0	3
53	93	0	0.41514112	2.14523264	-3.03305337	-209.411156	12.6734393	206.378103	0	0	0	0	0	0	3
54	95	0	0.422973971	2.26906916	-2.93486592	-209.411156	12.6734393	206.47629	0	0	0	0	0	0	3
55	96	0	0.430806822	2.41208993	-2.83764854	-209.411156	12.6734393	206.573508	0	0	0	0	0	0	3
56	98	0	0.438639674	2.48851016	-2.74253856	-209.411156	12.6734393	206.668618	0	0	0	0	0	0	3
57	100	0	0.446472525	2.54261939	-2.64981649	-209.411156	12.6734393	206.76134	0	0	0	0	0	0	3
58	101	0	0.454305376	2.54093465	-2.56032078	-209.411156	12.6734393	206.850835	0	0	0	0	0	0	3
59	103	0	0.462138228	2.49686544	-2.47460576	-209.411156	12.6734393	206.93655	0	0	0	0	0	0	3
60	104	0	0.469971079	2.42539459	-2.39293909	-209.411156	12.6734393	207.018217	0	0	0	0	0	0	3
61	106	0	0.47780393	2.26717785	-2.31654373	-209.411156	12.6734393	207.094612	0	0	0	0	0	0	3
62	107	0	0.485636781	2.08722444	-2.24551521	-209.411156	12.6734393	207.165641	0	0	0	0	0	0	3
63	109	0	0.493469633	1.86963525	-2.18019536	-209.411156	12.6734393	207.230961	0	0	0	0	0	0	3
64	111	0	0.501302484	1.6497477	-2.1203525	-209.411156	12.6734393	207.290804	0	0	0	0	0	0	3
65	112	0	0.509135335	1.44281574	1.17424081	-6.25298813	12.6734393	18.9264274	0	0	0	0	0	0	3
66	114	0	0.516968187	1.23190529	1.17476721	-6.25298813	12.6734393	18.9264274	0	0	0	0	0	0	3
67	115	0	0.524801038	1.07205876	1.24947448	-6.25298813	12.6734393	18.9264274	0	0	0	0	0	0	3
68	117	0	0.532633889	0.943397248	1.06619258	-6.25298813	9.1796837	15.4326718	0	0	0	0	0	0	3
69	119	0	0.540466741	0.849064338	1.17716215	-4.84848946	9.1796837	14.0281732	0	0	0	0	0	0	3
70	120	0	0.548299592	0.789760441	1.04606959	-4.84848946	7.83229215	12.6807816	0	0	0	0	0	0	3
71	122	0	0.556132443	0.739375826	1.13337999	-3.64415503	7.83229215	11.4764472	0	0	0	0	0	0	3
72	123	0	0.563965295	0.693482825	1.02183609	-3.64415503	6.71185153	10.3560066	0	0	0	0	0	0	3
73	125	0	0.571798146	0.633297126	1.08867128	-3.16938957	6.71185153	9.8812411	0	0	0	0	0	0	3
74	126	0	0.579630997	0.568820252	0.99268642	-3.16938957	3.29804156	6.46743113	0	0	0	0	0	0	3
75	128	0	0.587463849	0.509713254	1.0501724	-1.23272702	3.29804156	4.53076858	0	0	0	0	0	0	3
76	130	0	0.5952967	0.402276406	1.00492607	-1.23272702	2.54261939	3.77534641	0	0	0	0	0	0	3
77	131	0	0.603129551	0.306534513	1.02897703	-0.854572481	2.54261939	3.39719187	0	0	0	0	0	0	3
78	133	0	0.610962402	0.176143359	1.01857999	-0.854572481	2.54261939	3.39719187	0	0	0	0	0	0	3
79	134	0	0.618795254	0.0369080427	1.02886767	-0.854572481	2.54261939	3.39719187	0	0	0	0	0	0	3
80	136	0	0.626628105	-0.099868877	1.02944949	-0.854572481	2.54261939	3.39719187	0	0	0	0	0	0	3
81	137	0	0.634460956	-0.266677458	1.02181812	-0.854572481	2.54261939	3.39719187	0	0	0	0	0	0	3
82	139	0	0.642293808	-0.427060179	1.02822557	-0.854572481	2.54261939	3.39719187	0	0	0	0	0	0	3
83	141	0	0.650126659	-0.580930447	1.01779611	-0.854572481	2.54261939	3.39719187	0	0	0	0	0	0	3
84	142	0	0.65795951	-0.709299237	1.02006601	-0.709299237	2.54261939	3.25191863	0	0	0	0	0	0	3
85	144	0	0.665792362	-0.806334591	1.01386088	-0.806334591	2.54261939	3.34895398	0	0	0	0	0	0	3
86	145	0	0.673625213	-0.83881929	1.01106038	-0.83881929	2.54261939	3.38143868	0	0	0	0	0	0	3
87	147	0	0.681458064	-0.798265036	1.0061751	-0.83881929	2.54261939	3.38143868	0	0	0	0	0	0	3
88	149	0	0.689290916	-0.732041804	1.0024866	-0.83881929	2.54261939	3.38143868	0	0	0	0	0	0	3
89	150	0	0.697123767	-0.627032206	0.998865432	-0.83881929	2.54261939	3.38143868	0	0	0	0	0	0	3
90	152	0	0.704956618	-0.497595137	0.99533656	-0.83881929	2.54261939	3.38143868	0	0	0	0	0	0	3
91	153	0	0.71278947	-0.409082301	0.991261585	-0.83881929	2.54261939	3.38143868	0	0	0	0	0	0	3
92	155	0	0.720622321	-0.308228523	0.987928373	-0.83881929	2.54261939	3.38143868	0	0	0	0	0	0	3
93	156	0	0.728455172	-0.247502812	0.985515006	-0.83881929	2.54261939	3.38143868	0	0	0	0	0	0	3
94	158	0	0.736288023	-0.214730439	0.983716899	-0.83881929	2.54261939	3.38143868	0	0	0	0	0	0	3
95	160	0	0.744120875	-0.195406228	0.981161543	-0.83881929	2.54261939	3.38143868	0	0	0	0	0	0	3
96	161	0	0.751953726	-0.231024752	0.975421513	-0.83881929	2.54261939	3.38143868	0	0	0	0	0	0	3
97	163	0	0.759786577	-0.280520298	0.965899544	-0.83881929	2.54261939	3.38143868	0	0	0	0	0	0	3
98	164	0	0.767619429	-0.357509376	0.951826483	-0.83881929	2.54261939	3.38143868	0	0	0	0	0	0	3
99	166	0	0.77545228	-0.439039833	0.93280235	-0.83881929	2.54261939	3.38143868	0	0	0	0	0	0	3
100	167	0	0.783285131	-0.518150197	0.909046274	-0.83881929	2.54261939	3.38143868	0	0	0	0	0	0	3
101	171	0	0.791117983	-0.601629599	0.880698594	-0.83881929	2.54261939	3.38143868	0	0	0	0	0	0	3
102	172	0	0.798950834	-0.672299996	0.84851159	-0.83881929	2.54261939	3.38143868	0	0	0	0	0	0	3
103	174	0	0.806783685	-0.719087245	0.81335394	-0.83881929	2.54261939	3.38143868	0	0	0	0	0	0	3
104	175	0	0.814616537	-0.73244837	0.775982414	-0.83881929	2.54261939	3.38143868	0	0	0	0	0	0	3
105	177	0	0.822449388	-0.708367211	0.73722124	-0.83881929	2.54261939	3.38143868	0	0	0	0	0	0	3
106	178	0	0.830282239	-0.66921893	0.697086591	-0.83881929	2.54261939	3.38143868	0	0	0	0	0	0	3
107	180	0	0.838115091	-0.582388762	0.656485287	-0.83881929	2.54261939	3.38143868	0	0	0	0	0	0	3
108	182	0	0.845947942	-0.51550574	0.615484809	-0.83881929	2.54261939	3.38143868	0	0	0	0	0	0	3
109	183	0	0.853780793	-0.444009313	0.574324842	-0.83881929	2.54261939	3.38143868	0	0	0	0	0	0	3
110	185	0	0.861613645	-0.378559782	0.53461243	-0.83881929	2.54261939	3.38143868	0	0	0	0	0	0	3
111	186	0	0.869446496	-0.342415898	0.496123054	-0.83881929	2.54261939	3.38143868	0	0	0	0	0	0	3
112	188	0	0.877279347	-0.302215667	0.459026651	-0.83881929	2.54261939	3.38143868	0	0	0	0	0	0	3
113	189	0	0.885112198	-0.292093114	0.422884965	-0.83881929	2.54261939	3.38143868	0	0	0	0	0	0	3
114	191	0	0.89294505	-0.30878086	0.3871275	-0.83881929	2.54261939	3.38143868	0	0	0	0	0	0	3
115	192	0	0.900777901	-0.329761626	0.350861864	-0.83881929	2.54261939	3.38143868	0	0	0	0	0	0	3
116	194	0	0.908610752	-0.41184031	0.312411143	-0.83881929	2.54261939	3.38143868	0	0	0	0	0	0	3
117	195	0	0.916443604	-0.494236054	0.271169445	-0.83881929	2.54261939	3.38143868	0	0	0	0	0	0	3
118	197	0	0.924276455	-0.591274258	0.226476579	-0.83881929	2.54261939	3.38143868	0	0	0	0	0	0	3
119	199	0	0.932109306	-0.656802899	0.178525128	-0.83881929	2.54261939	3.38143868	0	0	0	0	0	0	3
120	200	0	0.939942158	-0.709457536	0.128556883	-0.83881929	2.54261939	3.38143868	0	0	0	0	0	0	3
121	202	0	0.947775009	-0.742376434	0.0772288236	-0.83881929	2.54093465	3.37975394	0	0	0	0	0	0	3
122	203	0	0.95560786	-0.741496921	0.0259408304	-0.83881929	2.49686544	3.33568473	0	0	0	0	0	0	3
123	205	0	0.963440712	-0.727956996	-0.0244470202	-0.83881929	2.42539459	3.26421388	0	0	0	0	0	0	3
124	207	0	0.971273563	-0.698736513	-0.0732615686	-0.83881929	2.26717785	3.10599714	0	0	0	0	0	0	3
125	208	0	0.979106414	-0.643960875	-0.118748111	-0.83881929	2.08722444	2.92604373	0	0	0	0	0	0	3
126	210	0	0.986939266	-0.641074082	-0.161377776	-0.83881929	1.86963525	2.70845454	0	0	0	0	0	0	3
127	211	0	0.994772117	-0.59986715	-0.199963751	-0.83881929	1.6497477	2.48856699	0	0	0	0	0	0	3
128	213	0	1.00260497	-0.591262445	-0.234979534	-0.83881929	1.44281574	1.48445402	0.567792823	0	38.2	0	0	0	3
129	214	0	1.01043782	-0.61601319	-0.267148736	-0.83881929	1.23190529	1.51662322	0.567792823	0	37.4	0	0	0	3
130	216	0	1.01827067	-0.606183257	-0.29586887	-0.83881929	1.07205876	1.54534335	0.567792823	0	36.7	0	0	0	3
131	218	0	1.02610352	-0.62051327	-0.322315308	-0.83881929	0.943397248	1.49947745	0.567792823	0	37.8	0	0	0	3
132	219	0	1.03393637	-0.649118012	-0.347198359	-0.83881929	0.849064338	1.5243605	0.567792823	0	37.2	0	0	0	3
133	221	0	1.04176922	-0.678936889	-0.371073378	-0.83881929	0.789760441	1.50445337	0.567792823	0	37.7	0	0	0	3
134	223	0	1.04960208	-0.705290235	-0.394433545	-0.83881929	0.739375826	1.52781353	0.567792823	0	37.1	0	0	0	3
135	225	0	1.05743493	-0.682853976	-0.416655885	-0.83881929	0.693482825	1.50532717	0.567792823	0	37.7	0	0	0	3
136	226	0	1.06526778	-0.645393838	-0.437575833	-0.83881929	0.633297126	1.47211642	0.567792823	0	38.5	0	0	0	3
137	228	0	1.07310063	-0.590024728	-0.456690237	-0.83881929	0.568820252	1.40763954	0.567792823	0	40.3	0	0	0	3
138	229	0	1.08093348	-0.530930038	-0.473873835	-0.83881929	0.509713254	1.34853254	0.567792823	0	42.1	0	0	0	3
139	231	0	1.08876633	-0.476613008	-0.489285183	-0.83881929	0.402276406	1.2410957	0.567792823	0	45.7	0	0	0	3
140	233	0	1.09659918	-0.458574431	-0.502735978	-0.83881929	0.306534513	1.1453538	0.567792823	0	49.5	0	0	0	3
141	234	0	1.10443204	-0.454563637	-0.514628136	-0.83881929	0.176143359	1.01496265	0.567792823	0	55.9	0	0	0	3
142	236	0	1.11226489	-0.464360993	-0.524636017	-0.83881929	0.0369080427	0.875727333	0.567792823	0	64.8	0	0	0	3
143	238	0	1.12009774	-0.449987526	-0.53224376	-0.83881929	-0.099868877	0.738950413	0.567792823	0	76.8	0	0	0	3
144	239	0	1.12793059	-0.46919052	-0.538014411	-0.83881929	-0.195406228	0.643413062	0.567792823	0	88.2	0	0	0	3
145	241	0	1.13576344	-0.533944216	-0.542190454	-0.83881929	-0.195406228	0.643413062	0.567792823	0	88.2	0	0	0	3
146	243	0	1.14359629	-0.609110831	-0.545034995	-0.83881929	-0.195406228	0.643413062	0.567792823	0	88.2	0	0	0	3
147	244	0	1.15142914	-0.683247779	-0.546633703	-0.83881929	-0.195406228	0.643413062	0.567792823	0	88.2	0	0	0	3
148	246	0	1.15926199	-0.759684555	-0.547420974	-0.83881929	-0.195406228	0.643413062	0.567792823	0	88.2	0	0	0	3
149	248	0	1.16709485	-0.798168483	-0.547293379	-0.83881929	-0.195406228	0.643413062	0.567792823	0	88.2	0	0	0	3
150	249	0	1.1749277	-0.796104166	-0.546625955	-0.798265036	-0.195406228	0.602858808	0.567792823	0	94.1	0	0	0	3
151	251	0	1.18276055	-0.770792875	-0.546196702	-0.798168483	-0.195406228	0.602762255	0.567792823	0	94.1	0	0	0	3
152	253	0	1.1905934	-0.736013835	-0.546258765	-0.798168483	-0.195406228	0.602762255	0.567792823	0	94.1	0	0	0	3
153	254	0	1.19842625	-0.698237262	-0.547371344	-0.798168483	-0.195406228	0.602762255	0.567792823	0	94.1	0	0	0	3
154	256	0	1.2062591	-0.708190837	-0.550661902	-0.798168483	-0.195406228	0.602762255	0.567792823	0	94.1	0	0	0	3
155	258	0	1.21409195	-0.716033467	-0.555458014	-0.798168483	-0.195406228	0.602762255	0.567792823	0	94.1	0	0	0	3
156	259	0	1.2219248	-0.720964974	-0.561907021	-0.798168483	-0.195406228	0.602762255	0.567792823	0	94.1	0	0	0	3
157	261	0	1.22975766	-0.709472176	-0.569125292	-0.798168483	-0.195406228	0.602762255	0.567792823	0	94.1	0	0	0	3
158	263	0	1.23759051	-0.70463101	-0.576779989	-0.798168483	-0.195406228	0.602762255	0.567792823	0	94.1	0	0	0	3
159	264	0	1.24542336	-0.691956727	-0.58453859	-0.798168483	-0.231024752	0.567143731	0.567792823	0	100	0	0	0	3
