Iteration	CPUTime	PhysTime	Travels	Value	AvValue	MinValue	MaxValue	Delta	Criteria	Progress	dGMaxMin	CriteriaType	CriteriaVarType	CriteriaPercentage
1	11	0	0.00783285131	0	0	0	0	0	0	0	0	0	0	0	3
2	13	0	0.0156657026	0	0	0	0	0	0	0	0	0	0	0	3
3	15	0	0.0234985539	0	0	0	0	0	0	0	0	0	0	0	3
4	17	0	0.0313314053	0	0	0	0	0	0	0	0	0	0	0	3
5	19	0	0.0391642566	0	0	0	0	0	0	0	0	0	0	0	3
6	20	0	0.0469971079	0	0	0	0	0	0	0	0	0	0	0	3
7	22	0	0.0548299592	0	0	0	0	0	0	0	0	0	0	0	3
8	24	0	0.0626628105	0	0	0	0	0	0	0	0	0	0	0	3
9	25	0	0.0704956618	0	0	0	0	0	0	0	0	0	0	0	3
10	27	0	0.0783285131	0	0	0	0	0	0	0	0	0	0	0	3
11	28	0	0.0861613645	0	0	0	0	0	0	0	0	0	0	0	3
12	30	0	0.0939942158	0	0	0	0	0	0	0	0	0	0	0	3
13	31	0	0.101827067	0	0	0	0	0	0	0	0	0	0	0	3
14	33	0	0.109659918	0	0	0	0	0	0	0	0	0	0	0	3
15	34	0	0.11749277	0	0	0	0	0	0	0	0	0	0	0	3
16	36	0	0.125325621	0	0	0	0	0	0	0	0	0	0	0	3
17	38	0	0.133158472	0	0	0	0	0	0	0	0	0	0	0	3
18	39	0	0.140991324	0	0	0	0	0	0	0	0	0	0	0	3
19	40	0	0.148824175	0	0	0	0	0	0	0	0	0	0	0	3
20	42	0	0.156657026	0	0	0	0	0	0	0	0	0	0	0	3
21	44	0	0.164489878	0	0	0	0	0	0	0	0	0	0	0	3
22	45	0	0.172322729	0	0	0	0	0	0	0	0	0	0	0	3
23	46	0	0.18015558	0	0	0	0	0	0	0	0	0	0	0	3
24	48	0	0.187988432	0	0	0	0	0	0	0	0	0	0	0	3
25	49	0	0.195821283	0	0	0	0	0	0	0	0	0	0	0	3
26	51	0	0.203654134	0	0	0	0	0	0	0	0	0	0	0	3
27	52	0	0.211486985	0	0	0	0	0	0	0	0	0	0	0	3
28	54	0	0.219319837	0	0	0	0	0	0	0	0	0	0	0	3
29	55	0	0.227152688	0	0	0	0	0	0	0	0	0	0	0	3
30	57	0	0.234985539	0	0	0	0	0	0	0	0	0	0	0	3
31	58	0	0.242818391	0	0	0	0	0	0	0	0	0	0	0	3
32	60	0	0.250651242	0	0	0	0	0	0	0	0	0	0	0	3
33	62	0	0.258484093	0	0	0	0	0	0	0	0	0	0	0	3
34	63	0	0.266316945	0	0	0	0	0	0	0	0	0	0	0	3
35	65	0	0.274149796	0	0	0	0	0	0	0	0	0	0	0	3
36	66	0	0.281982647	0	0	0	0	0	0	0	0	0	0	0	3
37	68	0	0.289815499	0	0	0	0	0	0	0	0	0	0	0	3
38	69	0	0.29764835	0	0	0	0	0	0	0	0	0	0	0	3
39	71	0	0.305481201	0	0	0	0	0	0	0	0	0	0	0	3
40	72	0	0.313314053	0	0	0	0	0	0	0	0	0	0	0	3
41	74	0	0.321146904	0	0	0	0	0	0	0	0	0	0	0	3
42	76	0	0.328979755	0	0	0	0	0	0	0	0	0	0	0	3
43	77	0	0.336812606	0	0	0	0	0	0	0	0	0	0	0	3
44	79	0	0.344645458	0	0	0	0	0	0	0	0	0	0	0	3
45	80	0	0.352478309	0	0	0	0	0	0	0	0	0	0	0	3
46	82	0	0.36031116	0	0	0	0	0	0	0	0	0	0	0	3
47	84	0	0.368144012	0	0	0	0	0	0	0	0	0	0	0	3
48	85	0	0.375976863	0	0	0	0	0	0	0	0	0	0	0	3
49	87	0	0.383809714	0	0	0	0	0	0	0	0	0	0	0	3
50	88	0	0.391642566	0	0	0	0	0	0	0	0	0	0	0	3
51	90	0	0.399475417	0	0	0	0	0	0	0	0	0	0	0	3
52	92	0	0.407308268	0	0	0	0	0	0	0	0	0	0	0	3
53	93	0	0.41514112	0	0	0	0	0	0	0	0	0	0	0	3
54	95	0	0.422973971	0	0	0	0	0	0	0	0	0	0	0	3
55	96	0	0.430806822	0	0	0	0	0	0	0	0	0	0	0	3
56	98	0	0.438639674	0	0	0	0	0	0	0	0	0	0	0	3
57	100	0	0.446472525	0	0	0	0	0	0	0	0	0	0	0	3
58	101	0	0.454305376	0	0	0	0	0	0	0	0	0	0	0	3
59	103	0	0.462138228	0	0	0	0	0	0	0	0	0	0	0	3
60	104	0	0.469971079	0	0	0	0	0	0	0	0	0	0	0	3
61	106	0	0.47780393	0	0	0	0	0	0	0	0	0	0	0	3
62	107	0	0.485636781	0	0	0	0	0	0	0	0	0	0	0	3
63	109	0	0.493469633	0	0	0	0	0	0	0	0	0	0	0	3
64	111	0	0.501302484	0	0	0	0	0	0	0	0	0	0	0	3
65	112	0	0.509135335	0	0	0	0	0	0	0	0	0	0	0	3
66	114	0	0.516968187	0	0	0	0	0	0	0	0	0	0	0	3
67	115	0	0.524801038	0	0	0	0	0	0	0	0	0	0	0	3
68	117	0	0.532633889	0	0	0	0	0	0	0	0	0	0	0	3
69	119	0	0.540466741	0	0	0	0	0	0	0	0	0	0	0	3
70	120	0	0.548299592	0	0	0	0	0	0	0	0	0	0	0	3
71	122	0	0.556132443	0	0	0	0	0	0	0	0	0	0	0	3
72	123	0	0.563965295	0	0	0	0	0	0	0	0	0	0	0	3
73	125	0	0.571798146	0	0	0	0	0	0	0	0	0	0	0	3
74	126	0	0.579630997	0	0	0	0	0	0	0	0	0	0	0	3
75	128	0	0.587463849	0	0	0	0	0	0	0	0	0	0	0	3
76	130	0	0.5952967	0	0	0	0	0	0	0	0	0	0	0	3
77	131	0	0.603129551	0	0	0	0	0	0	0	0	0	0	0	3
78	133	0	0.610962402	0	0	0	0	0	0	0	0	0	0	0	3
79	134	0	0.618795254	0	0	0	0	0	0	0	0	0	0	0	3
80	136	0	0.626628105	0	0	0	0	0	0	0	0	0	0	0	3
81	137	0	0.634460956	0	0	0	0	0	0	0	0	0	0	0	3
82	139	0	0.642293808	0	0	0	0	0	0	0	0	0	0	0	3
83	141	0	0.650126659	0	0	0	0	0	0	0	0	0	0	0	3
84	142	0	0.65795951	0	0	0	0	0	0	0	0	0	0	0	3
85	144	0	0.665792362	0	0	0	0	0	0	0	0	0	0	0	3
86	145	0	0.673625213	0	0	0	0	0	0	0	0	0	0	0	3
87	147	0	0.681458064	0	0	0	0	0	0	0	0	0	0	0	3
88	149	0	0.689290916	0	0	0	0	0	0	0	0	0	0	0	3
89	150	0	0.697123767	0	0	0	0	0	0	0	0	0	0	0	3
90	152	0	0.704956618	0	0	0	0	0	0	0	0	0	0	0	3
91	153	0	0.71278947	0	0	0	0	0	0	0	0	0	0	0	3
92	155	0	0.720622321	0	0	0	0	0	0	0	0	0	0	0	3
93	156	0	0.728455172	0	0	0	0	0	0	0	0	0	0	0	3
94	158	0	0.736288023	0	0	0	0	0	0	0	0	0	0	0	3
95	160	0	0.744120875	0	0	0	0	0	0	0	0	0	0	0	3
96	161	0	0.751953726	0	0	0	0	0	0	0	0	0	0	0	3
97	163	0	0.759786577	0	0	0	0	0	0	0	0	0	0	0	3
98	164	0	0.767619429	0	0	0	0	0	0	0	0	0	0	0	3
99	166	0	0.77545228	0	0	0	0	0	0	0	0	0	0	0	3
100	167	0	0.783285131	0	0	0	0	0	0	0	0	0	0	0	3
101	171	0	0.791117983	0	0	0	0	0	0	0	0	0	0	0	3
102	172	0	0.798950834	0	0	0	0	0	0	0	0	0	0	0	3
103	174	0	0.806783685	0	0	0	0	0	0	0	0	0	0	0	3
104	175	0	0.814616537	0	0	0	0	0	0	0	0	0	0	0	3
105	177	0	0.822449388	0	0	0	0	0	0	0	0	0	0	0	3
106	178	0	0.830282239	0	0	0	0	0	0	0	0	0	0	0	3
107	180	0	0.838115091	0	0	0	0	0	0	0	0	0	0	0	3
108	182	0	0.845947942	0	0	0	0	0	0	0	0	0	0	0	3
109	183	0	0.853780793	0	0	0	0	0	0	0	0	0	0	0	3
110	185	0	0.861613645	0	0	0	0	0	0	0	0	0	0	0	3
111	186	0	0.869446496	0	0	0	0	0	0	0	0	0	0	0	3
112	188	0	0.877279347	0	0	0	0	0	0	0	0	0	0	0	3
113	189	0	0.885112198	0	0	0	0	0	0	0	0	0	0	0	3
114	191	0	0.89294505	0	0	0	0	0	0	0	0	0	0	0	3
115	192	0	0.900777901	0	0	0	0	0	0	0	0	0	0	0	3
116	194	0	0.908610752	0	0	0	0	0	0	0	0	0	0	0	3
117	195	0	0.916443604	0	0	0	0	0	0	0	0	0	0	0	3
118	197	0	0.924276455	0	0	0	0	0	0	0	0	0	0	0	3
119	199	0	0.932109306	0	0	0	0	0	0	0	0	0	0	0	3
120	200	0	0.939942158	0	0	0	0	0	0	0	0	0	0	0	3
121	202	0	0.947775009	0	0	0	0	0	0	0	0	0	0	0	3
122	203	0	0.95560786	0	0	0	0	0	0	0	0	0	0	0	3
123	205	0	0.963440712	0	0	0	0	0	0	0	0	0	0	0	3
124	207	0	0.971273563	0	0	0	0	0	0	0	0	0	0	0	3
125	208	0	0.979106414	0	0	0	0	0	0	0	0	0	0	0	3
126	210	0	0.986939266	0	0	0	0	0	0	0	0	0	0	0	3
127	211	0	0.994772117	0	0	0	0	0	0	0	0	0	0	0	3
128	213	0	1.00260497	0	0	0	0	0	0.001	0	0	0	0	0	3
129	214	0	1.01043782	0	0	0	0	0	0.001	0	0	0	0	0	3
130	216	0	1.01827067	0	0	0	0	0	0.001	0	0	0	0	0	3
131	218	0	1.02610352	0	0	0	0	0	0.001	0	0	0	0	0	3
132	219	0	1.03393637	0	0	0	0	0	0.001	0	0	0	0	0	3
133	221	0	1.04176922	0	0	0	0	0	0.001	0	0	0	0	0	3
134	223	0	1.04960208	0	0	0	0	0	0.001	0	0	0	0	0	3
135	225	0	1.05743493	0	0	0	0	0	0.001	0	0	0	0	0	3
136	226	0	1.06526778	0	0	0	0	0	0.001	0	0	0	0	0	3
137	228	0	1.07310063	0	0	0	0	0	0.001	0	0	0	0	0	3
138	229	0	1.08093348	0	0	0	0	0	0.001	0	0	0	0	0	3
139	231	0	1.08876633	0	0	0	0	0	0.001	0	0	0	0	0	3
140	233	0	1.09659918	0	0	0	0	0	0.001	0	0	0	0	0	3
141	234	0	1.10443204	0	0	0	0	0	0.001	0	0	0	0	0	3
142	236	0	1.11226489	0	0	0	0	0	0.001	0	0	0	0	0	3
143	238	0	1.12009774	0	0	0	0	0	0.001	0	0	0	0	0	3
144	239	0	1.12793059	0	0	0	0	0	0.001	0	0	0	0	0	3
145	241	0	1.13576344	0	0	0	0	0	0.001	0	0	0	0	0	3
146	243	0	1.14359629	0	0	0	0	0	0.001	0	0	0	0	0	3
147	244	0	1.15142914	0	0	0	0	0	0.001	0	0	0	0	0	3
148	246	0	1.15926199	0	0	0	0	0	0.001	0	0	0	0	0	3
149	248	0	1.16709485	0	0	0	0	0	0.001	0	0	0	0	0	3
150	249	0	1.1749277	0	0	0	0	0	0.001	0	0	0	0	0	3
151	251	0	1.18276055	0	0	0	0	0	0.001	0	0	0	0	0	3
152	253	0	1.1905934	0	0	0	0	0	0.001	0	0	0	0	0	3
153	254	0	1.19842625	0	0	0	0	0	0.001	0	0	0	0	0	3
154	256	0	1.2062591	0	0	0	0	0	0.001	0	0	0	0	0	3
155	258	0	1.21409195	0	0	0	0	0	0.001	0	0	0	0	0	3
156	259	0	1.2219248	0	0	0	0	0	0.001	0	0	0	0	0	3
157	261	0	1.22975766	0	0	0	0	0	0.001	0	0	0	0	0	3
158	263	0	1.23759051	0	0	0	0	0	0.001	0	0	0	0	0	3
159	264	0	1.24542336	0	0	0	0	0	0.001	0	0	0	0	0	3
