1	0		125	0		124.9809691	-2.181139302		1044.980969	-8.901139302		1044.980969	-8.901139302	0
0.989139	0.0014151		123.642375	0.1768875		123.6266373	-1.980589379		1043.626637	-8.700589379		1043.626637	-8.700589379	0
0.9681948	0.0039236		121.02435	0.49045		121.0144823	-1.6213924		1041.014482	-8.3413924		1041.014482	-8.3413924	0
0.9458229	0.0063741		118.2278625	0.7967625		118.2237654	-1.266330305		1038.223765	-7.986330305		1038.223765	-7.986330305	0
0.9231527	0.0086942		115.3940875	1.086775		115.3954823	-0.926915095		1035.395482	-7.646915095		1035.395482	-7.646915095	0
0.9004199	0.0109139		112.5524875	1.3642375		112.5591564	-0.599911434		1032.559156	-7.319911434		1032.559156	-7.319911434	0
0.87765	0.013046		109.70625	1.63075		109.7180027	-0.283775186		1029.718003	-7.003775186		1029.718003	-7.003775186	0
0.8548454	0.015105		106.855675	1.888125		106.8723526	0.023300639		1026.872353	-6.696699361		1026.872353	-6.696699361	0
0.832016	0.0171042		104.002	2.138025		104.0234726	0.322956694		1024.023473	-6.397043306		1024.023473	-6.397043306	0
0.8091745	0.0190486		101.1468125	2.381075		101.1729608	0.615790183		1021.172961	-6.104209817		1021.172961	-6.104209817	0
0.7863288	0.0209407		98.2911	2.6175875		98.32181002	0.902096329		1018.32181	-5.817903671		1018.32181	-5.817903671	0
0.7634817	0.02278		95.4352125	2.8475		95.47036909	1.181806533		1015.470369	-5.538193467		1015.470369	-5.538193467	0
0.7406324	0.0245652		92.57905	3.07065		92.6185352	1.454760065		1012.618535	-5.265239935		1012.618535	-5.265239935	0
0.717778	0.0262957		89.72225	3.2869625		89.76594461	1.720888262		1009.765945	-4.999111738		1009.765945	-4.999111738	0
0.6949178	0.0279724		86.864725	3.49655		86.91251177	1.980305134		1006.912512	-4.739694866		1006.912512	-4.739694866	0
0.6720548	0.0295955		84.00685	3.6994375		84.05861208	2.233029133		1004.058612	-4.486970867		1004.058612	-4.486970867	0
0.6491931	0.0311622		81.1491375	3.895275		81.20475186	2.478701369		1001.204752	-4.241298631		1001.204752	-4.241298631	0
0.626334	0.0326692		78.29175	4.08365		78.35108636	2.716906571		998.3510864	-4.003093429		998.3510864	-4.003093429	0
0.6034761	0.0341133		75.4345125	4.2641625		75.49743365	2.947247853		995.4974337	-3.772752147		995.4974337	-3.772752147	0
0.5806182	0.0354919		72.577275	4.4364875		72.64363808	3.169402881		992.6436381	-3.550597119		992.6436381	-3.550597119	0
0.5577613	0.0368022		69.7201625	4.600275		69.78981851	3.383019527		989.7898185	-3.336980473		989.7898185	-3.336980473	0
0.5349083	0.0380402		66.8635375	4.755025		66.93632868	3.587591544		986.9363287	-3.132408456		986.9363287	-3.132408456	0
0.5120612	0.0392006		64.00765	4.900075		64.08340697	3.782452168		984.083407	-2.937547832		984.083407	-2.937547832	0
0.4892196	0.0402777		61.15245	5.0347125		61.23099097	3.966889881		981.230991	-2.753110119		981.230991	-2.753110119	0
0.4663822	0.0412662		58.297775	5.158275		58.37890665	4.14024512		978.3789066	-2.57975488		978.3789066	-2.57975488	0
0.4435495	0.0421609		55.4436875	5.2701125		55.52720514	4.301866892		975.5272051	-2.418133108		975.5272051	-2.418133108	0
0.4207244	0.0429563		52.59055	5.3695375		52.6762369	4.451061478		972.6762369	-2.268938522		972.6762369	-2.268938522	0
0.3979117	0.0436437		49.7389625	5.4554625		49.82658286	4.586731072		969.8265829	-2.133268928		969.8265829	-2.133268928	0
0.3751154	0.0442122		46.889425	5.526525		46.97871917	4.707504659		966.9787192	-2.012495341		966.9787192	-2.012495341	0
0.3523374	0.044651		44.042175	5.581375		44.13285974	4.812028299		964.1328597	-1.907971701		964.1328597	-1.907971701	0
0.3295755	0.0449494		41.1969375	5.618675		41.28870628	4.898969495		961.2887063	-1.821030505		961.2887063	-1.821030505	0
0.3068309	0.0450959		38.3538625	5.6369875		38.44638366	4.966888348		958.4463837	-1.753111652		958.4463837	-1.753111652	0
0.2841375	0.0450731		35.5171875	5.6341375		35.61009081	5.013536249		955.6100908	-1.706463751		955.6100908	-1.706463751	0
0.2614783	0.0448509		32.6847875	5.6063625		32.77763739	5.035188349		952.7776374	-1.684811651		952.7776374	-1.684811651	0
0.2388254	0.044424		29.853175	5.553		29.94552486	5.031243104		949.9455249	-1.688756896		949.9455249	-1.688756896	0
0.2162469	0.0437736		27.0308625	5.4717		27.12222344	4.999202335		947.1222234	-1.720797665		947.1222234	-1.720797665	0
0.1937207	0.0428627		24.2150875	5.3578375		24.30489034	4.934489951		944.3048903	-1.785510049		944.3048903	-1.785510049	0
0.1712825	0.041668		21.4103125	5.2085		21.49793655	4.834116027		941.4979365	-1.885883973		941.4979365	-1.885883973	0
0.1489635	0.0401363		18.6204375	5.0170375		18.70514545	4.691363525		938.7051454	-2.028636475		938.7051454	-2.028636475	0
0.1268009	0.0382175		15.8501125	4.7771875		15.93105705	4.499889759		935.9310571	-2.220110241		935.9310571	-2.220110241	0
0.1048676	0.0358296		13.10845	4.4787		13.18460362	4.249287286		933.1846036	-2.470712714		933.1846036	-2.470712714	0
0.0831917	0.0328884		10.3989625	4.11105		10.46911347	3.928971417		930.4691135	-2.791028583		930.4691135	-2.791028583	0
0.0620571	0.0293226		7.7571375	3.665325		7.819913171	3.529411784		927.8199132	-3.190588216		927.8199132	-3.190588216	0
0.0422963	0.0250519		5.2870375	3.1314875		5.340874246	3.038756617		925.3408742	-3.681243383		925.3408742	-3.681243383	0
0.0258825	0.0201581		3.2353125	2.5197625		3.278787556	2.462925535		923.2787876	-4.257074465		923.2787876	-4.257074465	0
0.0146112	0.0152114		1.8264	1.901425		1.859300118	1.86926645		921.8593001	-4.85073355		921.8593001	-4.85073355	0
0.0077743	0.0107819		0.9717875	1.3477375		0.995156374	1.330575479		920.9951564	-5.389424521		920.9951564	-5.389424521	0
0.0037553	0.0071205		0.4694125	0.8900625		0.484871836	0.881736158		920.4848718	-5.838263842		920.4848718	-5.838263842	0
0.0013151	0.0039205		0.1643875	0.4900625		0.172913629	0.487119473		920.1729136	-6.232880527		920.1729136	-6.232880527	0
0.000149	0.0012133		0.018625	0.1516625		0.021268541	0.15131442		920.0212685	-6.56868558		920.0212685	-6.56868558	0
0.000149	-0.0012133		0.018625	-0.1516625		0.015975788	-0.1519644		920.0159758	-6.8719644		920.0159758	-6.8719644	0
0.0013151	-0.0039205		0.1643875	-0.4900625		0.155811316	-0.492856306		920.1558113	-7.212856306		920.1558113	-7.212856306	0
0.0037553	-0.0071205		0.4694125	-0.8900625		0.453810231	-0.898117823		920.4538102	-7.618117823		920.4538102	-7.618117823	0
0.0077743	-0.0107819		0.9717875	-1.3477375		0.948122722	-1.364489142		920.9481227	-8.084489142		920.9481227	-8.084489142	0
0.0146112	-0.0152114		1.8264	-1.901425		1.792943753	-1.933004576		921.7929438	-8.653004576		921.7929438	-8.653004576	0
0.0258825	-0.0201581		3.2353125	-2.5197625		3.190852308	-2.575832211		923.1908523	-9.295832211		923.1908523	-9.295832211	0
0.0422963	-0.0250519		5.2870375	-3.1314875		5.231590879	-3.223264861		925.2315909	-9.943264861		925.2315909	-9.943264861	0
0.0620571	-0.0293226		7.7571375	-3.665325		7.691999821	-3.800122144		927.6919998	-10.52012214		927.6919998	-10.52012214	0
0.0831917	-0.0328884		10.3989625	-4.11105		10.3256451	-4.29187679		930.3256451	-11.01187679		930.3256451	-11.01187679	0
0.1048676	-0.0358296		13.10845	-4.4787		13.02830492	-4.706748974		933.0283049	-11.42674897		933.0283049	-11.42674897	0
0.1268009	-0.0382175		15.8501125	-4.7771875		15.76434167	-5.053030612		935.7643417	-11.77303061		935.7643417	-11.77303061	0
0.1489635	-0.0401363		18.6204375	-5.0170375		18.53005973	-5.341183814		938.5300597	-12.06118381		938.5300597	-12.06118381	0
0.1712825	-0.041668		21.4103125	-5.2085		21.31616912	-5.581298012		941.3161691	-12.30129801		941.3161691	-12.30129801	0
0.1937207	-0.0428627		24.2150875	-5.3578375		24.1179113	-5.779553616		944.1179113	-12.49955362		944.1179113	-12.49955362	0
0.2162469	-0.0437736		27.0308625	-5.4717		26.9312708	-5.942531561		946.9312708	-12.66253156		946.9312708	-12.66253156	0
0.2388254	-0.044424		29.853175	-5.553		29.751735	-6.073066037		949.751735	-12.79306604		949.751735	-12.79306604	0
0.2614783	-0.0448509		32.6847875	-5.6063625		32.58198527	-6.175829543		952.5819853	-12.89582954		952.5819853	-12.89582954	0
0.2841375	-0.0450731		35.5171875	-5.6341375		35.41346939	-6.253023186		955.4134694	-12.97302319		955.4134694	-12.97302319	0
0.3068309	-0.0450959		38.3538625	-5.6369875		38.24966278	-6.305370219		958.2496628	-13.02537022		958.2496628	-13.02537022	0
0.3295755	-0.0449494		41.1969375	-5.618675		41.09262447	-6.336669648		961.0926245	-13.05666965		961.0926245	-13.05666965	0
0.3523374	-0.044651		44.042175	-5.581375		43.93807964	-6.349022201		963.9380796	-13.0690222		963.9380796	-13.0690222	0
0.3751154	-0.0442122		46.889425	-5.526525		46.78585324	-6.343862543		966.7858532	-13.06386254		966.7858532	-13.06386254	0
0.3979117	-0.0436437		49.7389625	-5.4554625		49.63619688	-6.322532768		969.6361969	-13.04253277		969.6361969	-13.04253277	0
0.4207244	-0.0429563		52.59055	-5.3695375		52.48884955	-6.286378526		972.4888496	-13.00637853		972.4888496	-13.00637853	0
0.4435495	-0.0421609		55.4436875	-5.2701125		55.34328755	-6.236753386		975.3432875	-12.95675339		975.3432875	-12.95675339	0
0.4663822	-0.0412662		58.297775	-5.158275		58.19889199	-6.174734212		978.198892	-12.89473421		978.198892	-12.89473421	0
0.4892196	-0.0402777		61.15245	-5.0347125		61.05528842	-6.101002075		981.0552884	-12.82100208		981.0552884	-12.82100208	0
0.5120612	-0.0392006		64.00765	-4.900075		63.91240303	-6.016205785		983.912403	-12.73620578		983.912403	-12.73620578	0
0.5349083	-0.0380402		66.8635375	-4.755025		66.77038673	-5.921010576		986.7703867	-12.64101058		986.7703867	-12.64101058	0
0.5577613	-0.0368022		69.7201625	-4.600275		69.62927706	-5.816129713		989.6292771	-12.53612971		989.6292771	-12.53612971	0
0.5806182	-0.0354919		72.577275	-4.4364875		72.48881252	-5.702221232		992.4888125	-12.42222123		992.4888125	-12.42222123	0
0.6034761	-0.0341133		75.4345125	-4.2641625		75.34862193	-5.579778732		995.3486219	-12.29977873		995.3486219	-12.29977873	0
0.626334	-0.0326692		78.29175	-4.08365		78.20857421	-5.449149979		998.2085742	-12.16914998		998.2085742	-12.16914998	0
0.6491931	-0.0311622		81.1491375	-3.895275		81.06881366	-5.31066254		1001.068814	-12.03066254		1001.068814	-12.03066254	0
0.6720548	-0.0295955		84.00685	-3.6994375		83.92950827	-5.164719408		1003.929508	-11.88471941		1003.929508	-11.88471941	0
0.6949178	-0.0279724		86.864725	-3.49655		86.79048837	-5.011730185		1006.790488	-11.73173018		1006.790488	-11.73173018	0
0.717778	-0.0262957		89.72225	-3.2869625		89.65123544	-4.852035875		1009.651235	-11.57203587		1009.651235	-11.57203587	0
0.7406324	-0.0245652		92.57905	-3.07065		92.51137496	-4.685604938		1012.511375	-11.40560494		1012.511375	-11.40560494	0
0.7634817	-0.02278		95.4352125	-2.8475		95.37099638	-4.512326418		1015.370996	-11.23232642		1015.370996	-11.23232642	0
0.7863288	-0.0209407		98.2911	-2.6175875		98.23046085	-4.332281629		1018.230461	-11.05228163		1018.230461	-11.05228163	0
0.8091745	-0.0190486		101.1468125	-2.381075		101.0898655	-4.145634792		1021.089866	-10.86563479		1021.089866	-10.86563479	0
0.832016	-0.0171042		104.002	-2.138025		103.9488593	-3.952442289		1023.948859	-10.67244229		1023.948859	-10.67244229	0
0.8548454	-0.015105		106.855675	-1.888125		106.8064604	-3.752374437		1026.80646	-10.47237444		1026.80646	-10.47237444	0
0.87765	-0.013046		109.70625	-1.63075		109.6610924	-3.544778631		1029.661092	-10.26477863		1029.661092	-10.26477863	0
0.9004199	-0.0109139		112.5524875	-1.3642375		112.5115469	-3.327971031		1032.511547	-10.04797103		1032.511547	-10.04797103	0
0.9231527	-0.0086942		115.3940875	-1.086775		115.3575558	-3.100134177		1035.357556	-9.820134177		1035.357556	-9.820134177	0
0.9458229	-0.0063741		118.2278625	-0.7967625		118.1959598	-2.859612695		1038.19596	-9.579612695		1038.19596	-9.579612695	0
0.9681948	-0.0039236		121.02435	-0.49045		120.9973664	-2.602143061		1040.997366	-9.322143061		1040.997366	-9.322143061	0
0.989139	-0.0014151		123.642375	-0.1768875		123.6204642	-2.334310518		1043.620464	-9.054310518		1043.620464	-9.054310518	0
1	0		125	0		124.9809691	-2.181139302		1044.980969	-8.901139302		1044.980969	-8.901139302	0
