Iteration	CPUTime	PhysTime	Travels	Value	AvValue	MinValue	MaxValue	Delta	Criteria	Progress	dGMaxMin	CriteriaType	CriteriaVarType	CriteriaPercentage
1	15	0	0.00708812575	0	0	0	0	0	0	0	0	0	0	0	3
2	17	0	0.0141762515	0	0	0	0	0	0	0	0	0	0	0	3
3	20	0	0.0212643772	0	0	0	0	0	0	0	0	0	0	0	3
4	22	0	0.028352503	0	0	0	0	0	0	0	0	0	0	0	3
5	25	0	0.0354406287	0	0	0	0	0	0	0	0	0	0	0	3
6	27	0	0.0425287545	0	0	0	0	0	0	0	0	0	0	0	3
7	29	0	0.0496168802	0	0	0	0	0	0	0	0	0	0	0	3
8	31	0	0.056705006	0	0	0	0	0	0	0	0	0	0	0	3
9	33	0	0.0637931317	0	0	0	0	0	0	0	0	0	0	0	3
10	35	0	0.0708812575	0	0	0	0	0	0	0	0	0	0	0	3
11	38	0	0.0779693832	0	0	0	0	0	0	0	0	0	0	0	3
12	40	0	0.085057509	0	0	0	0	0	0	0	0	0	0	0	3
13	43	0	0.0921456347	0	0	0	0	0	0	0	0	0	0	0	3
14	46	0	0.0992337605	0	0	0	0	0	0	0	0	0	0	0	3
15	49	0	0.106321886	0	0	0	0	0	0	0	0	0	0	0	3
16	52	0	0.113410012	0	0	0	0	0	0	0	0	0	0	0	3
17	55	0	0.120498138	0	0	0	0	0	0	0	0	0	0	0	3
18	58	0	0.127586263	0	0	0	0	0	0	0	0	0	0	0	3
19	61	0	0.134674389	0	0	0	0	0	0	0	0	0	0	0	3
20	63	0	0.141762515	0	0	0	0	0	0	0	0	0	0	0	3
21	66	0	0.148850641	0	0	0	0	0	0	0	0	0	0	0	3
22	69	0	0.155938766	0	0	0	0	0	0	0	0	0	0	0	3
23	71	0	0.163026892	0	0	0	0	0	0	0	0	0	0	0	3
24	74	0	0.170115018	0	0	0	0	0	0	0	0	0	0	0	3
25	76	0	0.177203144	0	0	0	0	0	0	0	0	0	0	0	3
26	79	0	0.184291269	0	0	0	0	0	0	0	0	0	0	0	3
27	82	0	0.191379395	0	0	0	0	0	0	0	0	0	0	0	3
28	84	0	0.198467521	0	0	0	0	0	0	0	0	0	0	0	3
29	86	0	0.205555647	0	0	0	0	0	0	0	0	0	0	0	3
30	89	0	0.212643772	0	0	0	0	0	0	0	0	0	0	0	3
31	91	0	0.219731898	0	0	0	0	0	0	0	0	0	0	0	3
32	94	0	0.226820024	0	0	0	0	0	0	0	0	0	0	0	3
33	96	0	0.23390815	0	0	0	0	0	0	0	0	0	0	0	3
34	99	0	0.240996275	0	0	0	0	0	0	0	0	0	0	0	3
35	101	0	0.248084401	0	0	0	0	0	0	0	0	0	0	0	3
36	104	0	0.255172527	0	0	0	0	0	0	0	0	0	0	0	3
37	107	0	0.262260653	0	0	0	0	0	0	0	0	0	0	0	3
38	109	0	0.269348778	0	0	0	0	0	0	0	0	0	0	0	3
39	111	0	0.276436904	0	0	0	0	0	0	0	0	0	0	0	3
40	114	0	0.28352503	0	0	0	0	0	0	0	0	0	0	0	3
41	117	0	0.290613156	0	0	0	0	0	0	0	0	0	0	0	3
42	120	0	0.297701281	0	0	0	0	0	0	0	0	0	0	0	3
43	122	0	0.304789407	0	0	0	0	0	0	0	0	0	0	0	3
44	124	0	0.311877533	0	0	0	0	0	0	0	0	0	0	0	3
45	127	0	0.318965659	0	0	0	0	0	0	0	0	0	0	0	3
46	130	0	0.326053784	0	0	0	0	0	0	0	0	0	0	0	3
47	132	0	0.33314191	0	0	0	0	0	0	0	0	0	0	0	3
48	135	0	0.340230036	0	0	0	0	0	0	0	0	0	0	0	3
49	137	0	0.347318162	0	0	0	0	0	0	0	0	0	0	0	3
50	139	0	0.354406287	0	0	0	0	0	0	0	0	0	0	0	3
51	142	0	0.361494413	0	0	0	0	0	0	0	0	0	0	0	3
52	144	0	0.368582539	0	0	0	0	0	0	0	0	0	0	0	3
53	147	0	0.375670665	0	0	0	0	0	0	0	0	0	0	0	3
54	149	0	0.38275879	0	0	0	0	0	0	0	0	0	0	0	3
55	152	0	0.389846916	0	0	0	0	0	0	0	0	0	0	0	3
56	154	0	0.396935042	0	0	0	0	0	0	0	0	0	0	0	3
57	157	0	0.404023168	0	0	0	0	0	0	0	0	0	0	0	3
58	160	0	0.411111293	0	0	0	0	0	0	0	0	0	0	0	3
59	162	0	0.418199419	0	0	0	0	0	0	0	0	0	0	0	3
60	165	0	0.425287545	0	0	0	0	0	0	0	0	0	0	0	3
61	168	0	0.432375671	0	0	0	0	0	0	0	0	0	0	0	3
62	170	0	0.439463796	0	0	0	0	0	0	0	0	0	0	0	3
63	173	0	0.446551922	0	0	0	0	0	0	0	0	0	0	0	3
64	175	0	0.453640048	0	0	0	0	0	0	0	0	0	0	0	3
65	177	0	0.460728174	0	0	0	0	0	0	0	0	0	0	0	3
66	180	0	0.467816299	0	0	0	0	0	0	0	0	0	0	0	3
67	182	0	0.474904425	0	0	0	0	0	0	0	0	0	0	0	3
68	185	0	0.481992551	0	0	0	0	0	0	0	0	0	0	0	3
69	187	0	0.489080677	0	0	0	0	0	0	0	0	0	0	0	3
70	190	0	0.496168802	0	0	0	0	0	0	0	0	0	0	0	3
71	192	0	0.503256928	0	0	0	0	0	0	0	0	0	0	0	3
72	195	0	0.510345054	0	0	0	0	0	0	0	0	0	0	0	3
73	197	0	0.51743318	0	0	0	0	0	0	0	0	0	0	0	3
74	199	0	0.524521305	0	0	0	0	0	0	0	0	0	0	0	3
75	202	0	0.531609431	0	0	0	0	0	0	0	0	0	0	0	3
76	205	0	0.538697557	0	0	0	0	0	0	0	0	0	0	0	3
77	208	0	0.545785683	0	0	0	0	0	0	0	0	0	0	0	3
78	210	0	0.552873808	0	0	0	0	0	0	0	0	0	0	0	3
79	212	0	0.559961934	0	0	0	0	0	0	0	0	0	0	0	3
80	215	0	0.56705006	0	0	0	0	0	0	0	0	0	0	0	3
81	218	0	0.574138186	0	0	0	0	0	0	0	0	0	0	0	3
82	220	0	0.581226311	0	0	0	0	0	0	0	0	0	0	0	3
83	222	0	0.588314437	0	0	0	0	0	0	0	0	0	0	0	3
84	224	0	0.595402563	0	0	0	0	0	0	0	0	0	0	0	3
85	226	0	0.602490689	0	0	0	0	0	0	0	0	0	0	0	3
86	229	0	0.609578814	0	0	0	0	0	0	0	0	0	0	0	3
87	232	0	0.61666694	0	0	0	0	0	0	0	0	0	0	0	3
88	234	0	0.623755066	0	0	0	0	0	0	0	0	0	0	0	3
89	237	0	0.630843192	0	0	0	0	0	0	0	0	0	0	0	3
90	239	0	0.637931317	0	0	0	0	0	0	0	0	0	0	0	3
91	242	0	0.645019443	0	0	0	0	0	0	0	0	0	0	0	3
92	244	0	0.652107569	0	0	0	0	0	0	0	0	0	0	0	3
93	246	0	0.659195695	0	0	0	0	0	0	0	0	0	0	0	3
94	248	0	0.66628382	0	0	0	0	0	0	0	0	0	0	0	3
95	251	0	0.673371946	0	0	0	0	0	0	0	0	0	0	0	3
96	253	0	0.680460072	0	0	0	0	0	0	0	0	0	0	0	3
97	255	0	0.687548198	0	0	0	0	0	0	0	0	0	0	0	3
98	257	0	0.694636323	0	0	0	0	0	0	0	0	0	0	0	3
99	259	0	0.701724449	0	0	0	0	0	0	0	0	0	0	0	3
100	261	0	0.708812575	0	0	0	0	0	0	0	0	0	0	0	3
101	266	0	0.715900701	0	0	0	0	0	0	0	0	0	0	0	3
102	268	0	0.722988826	0	0	0	0	0	0	0	0	0	0	0	3
103	270	0	0.730076952	0	0	0	0	0	0	0	0	0	0	0	3
104	273	0	0.737165078	0	0	0	0	0	0	0	0	0	0	0	3
105	275	0	0.744253204	0	0	0	0	0	0	0	0	0	0	0	3
106	277	0	0.751341329	0	0	0	0	0	0	0	0	0	0	0	3
107	280	0	0.758429455	0	0	0	0	0	0	0	0	0	0	0	3
108	282	0	0.765517581	0	0	0	0	0	0	0	0	0	0	0	3
109	285	0	0.772605707	0	0	0	0	0	0	0	0	0	0	0	3
110	287	0	0.779693832	0	0	0	0	0	0	0	0	0	0	0	3
111	290	0	0.786781958	0	0	0	0	0	0	0	0	0	0	0	3
112	292	0	0.793870084	0	0	0	0	0	0	0	0	0	0	0	3
113	294	0	0.80095821	0	0	0	0	0	0	0	0	0	0	0	3
114	297	0	0.808046335	0	0	0	0	0	0	0	0	0	0	0	3
115	299	0	0.815134461	0	0	0	0	0	0	0	0	0	0	0	3
116	302	0	0.822222587	0	0	0	0	0	0	0	0	0	0	0	3
117	304	0	0.829310713	0	0	0	0	0	0	0	0	0	0	0	3
118	307	0	0.836398838	0	0	0	0	0	0	0	0	0	0	0	3
119	309	0	0.843486964	0	0	0	0	0	0	0	0	0	0	0	3
120	311	0	0.85057509	0	0	0	0	0	0	0	0	0	0	0	3
121	314	0	0.857663216	0	0	0	0	0	0	0	0	0	0	0	3
122	316	0	0.864751341	0	0	0	0	0	0	0	0	0	0	0	3
123	319	0	0.871839467	0	0	0	0	0	0	0	0	0	0	0	3
124	321	0	0.878927593	0	0	0	0	0	0	0	0	0	0	0	3
125	324	0	0.886015719	0	0	0	0	0	0	0	0	0	0	0	3
126	326	0	0.893103844	0	0	0	0	0	0	0	0	0	0	0	3
127	329	0	0.90019197	0	0	0	0	0	0	0	0	0	0	0	3
128	331	0	0.907280096	0	0	0	0	0	0	0	0	0	0	0	3
129	334	0	0.914368222	0	0	0	0	0	0	0	0	0	0	0	3
130	336	0	0.921456347	0	0	0	0	0	0	0	0	0	0	0	3
131	339	0	0.928544473	0	0	0	0	0	0	0	0	0	0	0	3
132	341	0	0.935632599	0	0	0	0	0	0	0	0	0	0	0	3
133	344	0	0.942720725	0	0	0	0	0	0	0	0	0	0	0	3
134	346	0	0.94980885	0	0	0	0	0	0	0	0	0	0	0	3
135	349	0	0.956896976	0	0	0	0	0	0	0	0	0	0	0	3
136	351	0	0.963985102	0	0	0	0	0	0	0	0	0	0	0	3
137	354	0	0.971073228	0	0	0	0	0	0	0	0	0	0	0	3
138	356	0	0.978161353	0	0	0	0	0	0	0	0	0	0	0	3
139	358	0	0.985249479	0	0	0	0	0	0	0	0	0	0	0	3
140	361	0	0.992337605	0	0	0	0	0	0	0	0	0	0	0	3
141	364	0	0.999425731	0	0	0	0	0	0	0	0	0	0	0	3
142	366	0	1.00651386	0	0	0	0	0	0.001	0	0	0	0	0	3
143	369	0	1.01360198	0	0	0	0	0	0.001	0	0	0	0	0	3
144	371	0	1.02069011	0	0	0	0	0	0.001	0	0	0	0	0	3
145	374	0	1.02777823	0	0	0	0	0	0.001	0	0	0	0	0	3
