 1.000000 -0.000000
  0.999013  0.000080
  0.996057  0.000318
  0.991144  0.000711
  0.984292  0.001256
  0.975528  0.001945
  0.964888  0.002772
  0.952414  0.003728
  0.938153  0.004802
  0.922164  0.005984
  0.904508  0.007262
  0.885257  0.008625
  0.864484  0.010059
  0.842274  0.011553
  0.818712  0.013095
  0.793893  0.014670
  0.767913  0.016267
  0.740877  0.017872
  0.712890  0.019472
  0.684062  0.021054
  0.654508  0.022605
  0.624345  0.024109
  0.593691  0.025552
  0.562667  0.026921
  0.531395  0.028198
  0.500000  0.029369
  0.468605  0.030418
  0.437333  0.031329
  0.406309  0.032088
  0.375655  0.032679
  0.345492  0.033089
  0.315938  0.033306
  0.287110  0.033319
  0.259123  0.033120
  0.232087  0.032703
  0.206107  0.032064
  0.181288  0.031201
  0.157726  0.030116
  0.135516  0.028814
  0.114743  0.027300
  0.095492  0.025584
  0.077836  0.023676
  0.061847  0.021589
  0.047586  0.019336
  0.035112  0.016930
  0.024472  0.014386
  0.015708  0.011716
  0.008856  0.008933
  0.003943  0.006047
  0.000987  0.003067
  0.000000  0.000000
  0.000987 -0.003067
  0.003943 -0.006047
  0.008856 -0.008933
  0.015708 -0.011716
  0.024472 -0.014386
  0.035112 -0.016930
  0.047586 -0.019336
  0.061847 -0.021589
  0.077836 -0.023676
  0.095492 -0.025584
  0.114743 -0.027300
  0.135516 -0.028814
  0.157726 -0.030116
  0.181288 -0.031201
  0.206107 -0.032064
  0.232087 -0.032703
  0.259123 -0.033120
  0.287110 -0.033319
  0.315938 -0.033306
  0.345492 -0.033089
  0.375655 -0.032679
  0.406309 -0.032088
  0.437333 -0.031329
  0.468605 -0.030418
  0.500000 -0.029369
  0.531395 -0.028198
  0.562667 -0.026921
  0.593691 -0.025552
  0.624345 -0.024109
  0.654508 -0.022605
  0.684062 -0.021054
  0.712890 -0.019472
  0.740877 -0.017872
  0.767913 -0.016267
  0.793893 -0.014670
  0.818712 -0.013095
  0.842274 -0.011553
  0.864484 -0.010059
  0.885257 -0.008625
  0.904508 -0.007262
  0.922164 -0.005984
  0.938153 -0.004802
  0.952414 -0.003728
  0.964888 -0.002772
  0.975528 -0.001945
  0.984292 -0.001256
  0.991144 -0.000711
  0.996057 -0.000318
  0.999013 -0.000080
  1.000000  0.000000