1	0		220	0		219.9246399	5.757842468		219.9246399	5.757842468
0.9902595	0.0015109		217.85709	0.332398		217.7911635	6.034042342		217.7911635	6.034042342
0.9708239	0.0049868		213.581258	1.097096		213.5368099	6.686571275		213.5368099	6.686571275
0.9483799	0.0093724		208.643578	2.061928		208.6260728	7.52184376		208.6260728	7.52184376
0.9249725	0.0141318		203.49395	3.108996		203.5056127	8.433776969		203.5056127	8.433776969
0.9012745	0.0189947		198.28039	4.178834		198.3218384	9.36679915		198.3218384	9.36679915
0.8776268	0.0238144		193.077896	5.239168		193.1488776	10.29061021		193.1488776	10.29061021
0.8540854	0.0285237		187.898788	6.275214		187.998659	11.19075364		187.998659	11.19075364
0.830615	0.0330855		182.7353	7.27881		182.8632059	12.058867		182.8632059	12.058867
0.8071724	0.0374809		177.577928	8.245798		177.7329086	12.89054496		177.7329086	12.89054496
0.7837285	0.0417002		172.42027	9.174044		172.6013114	13.68348671		172.6013114	13.68348671
0.7602689	0.045738		167.259158	10.06236		167.4652163	14.43642174		167.4652163	14.43642174
0.7367851	0.0495926		162.092722	10.910372		162.3227442	15.14892724		162.3227442	15.14892724
0.7132662	0.0532649		156.918564	11.718278		157.1715031	15.82113837		157.1715031	15.82113837
0.6897093	0.0567587		151.736046	12.486914		152.0108771	16.45387416		152.0108771	16.45387416
0.6661255	0.0600746		146.54761	13.216412		146.8433108	17.04733047		146.8433108	17.04733047
0.6425234	0.0632102		141.355148	13.906244		141.6706818	17.60102899		141.6706818	17.60102899
0.6189003	0.0661641		136.158066	14.556102		136.4923881	18.1146463		136.4923881	18.1146463
0.5952569	0.0689358		130.956518	15.165876		131.3085809	18.58807645		131.3085809	18.58807645
0.5716059	0.0715216		125.753298	15.734752		126.1220318	19.02057885		126.1220318	19.02057885
0.5479592	0.073913		120.551024	16.26086		120.9353092	19.41035266		120.9353092	19.41035266
0.5243184	0.0761017		115.350048	16.742374		115.7487169	19.75558172		115.7487169	19.75558172
0.5006821	0.0780801		110.150062	17.177622		110.5619035	20.05458654		110.5619035	20.05458654
0.4770532	0.0798398		104.951704	17.564756		105.3754582	20.30553644		105.3754582	20.30553644
0.4534382	0.0813707		99.756404	17.901554		100.1907525	20.50624762		100.1907525	20.50624762
0.4298469	0.0826615		94.566318	18.18553		95.0098766	20.65429136		95.0098766	20.65429136
0.4062883	0.0836978		89.383426	18.413516		89.83472683	20.74655256		89.83472683	20.74655256
0.3827663	0.0844644		84.208586	18.582168		84.66607342	20.77971081		84.66607342	20.77971081
0.3592862	0.0849451		79.042964	18.687922		79.50498867	20.75023387		79.50498867	20.75023387
0.3358622	0.0851225		73.889684	18.72695		74.35449535	20.6543768		74.35449535	20.6543768
0.3125144	0.0849739		68.753168	18.694258		69.21888322	20.48726305		69.21888322	20.48726305
0.28926	0.0844738		63.6372	18.584236		64.10178818	20.24338356		64.10178818	20.24338356
0.2661156	0.0835935		58.545432	18.39057		59.00669572	19.91652209		59.00669572	19.91652209
0.2431019	0.0823015		53.482418	18.10633		53.9379769	19.4998702		53.9379769	19.4998702
0.2202656	0.0805594		48.458432	17.723068		48.9056811	18.98525166		48.9056811	18.98525166
0.1976819	0.0783244		43.490018	17.231368		43.92610024	18.36368671		43.92610024	18.36368671
0.1753699	0.0755348		38.581378	16.617656		39.00307959	17.62171595		39.00307959	17.62171595
0.1533103	0.072136		33.728266	15.86992		34.13206025	16.74722038		34.13206025	16.74722038
0.1316285	0.0680989		28.95827	14.981758		29.34045321	15.73452223		29.34045321	15.73452223
0.1105611	0.0633688		24.323442	13.941136		24.67997768	14.57295392		24.67997768	14.57295392
0.0903025	0.0578674		19.86655	12.730828		20.19293617	13.24641468		20.19293617	13.24641468
0.070946	0.0514935		15.60812	11.32857		15.89926497	11.73318534		15.89926497	11.73318534
0.0528964	0.0443036		11.637208	9.746792		11.88831487	10.04802242		11.88831487	10.04802242
0.0369705	0.0365656		8.13351	8.044432		8.341262865	8.254546729		8.341262865	8.254546729
0.024203	0.028931		5.32466	6.36482		5.489416201	6.501996819		5.489416201	6.501996819
0.015148	0.0221682		3.33256	4.877004		3.459059449	4.962553201		3.459059449	4.962553201
0.0091483	0.0165185		2.012626	3.63407		2.107047504	3.685499635		2.107047504	3.685499635
0.0052926	0.0119212		1.164372	2.622664		1.232613541	2.652239575		1.232613541	2.652239575
0.0028135	0.0080719		0.61897	1.775818		0.665234703	1.791409391		0.665234703	1.791409391
0.00122	0.0046615		0.2684	1.02553		0.295148243	1.032203277		0.295148243	1.032203277
0.0002795	0.0015937		0.06149	0.350614		0.07064521	0.352103216		0.07064521	0.352103216
0.0001171	-0.0010651		0.025762	-0.234322		0.019620497	-0.233567491		0.019620497	-0.233567491
0.0009395	-0.0033566		0.20669	-0.738452		0.187292425	-0.732789553		0.187292425	-0.732789553
0.0029049	-0.0054297		0.639078	-1.194534		0.607595729	-1.177398861		0.607595729	-1.177398861
0.0061425	-0.0074511		1.35135	-1.639242		1.307984841	-1.603312937		1.307984841	-1.603312937
0.0109251	-0.0094073		2.403522	-2.069606		2.348532932	-2.00599206		2.348532932	-2.00599206
0.0179338	-0.0112066		3.945436	-2.465452		3.87955867	-2.361347475		3.87955867	-2.361347475
0.0280646	-0.0132187		6.174212	-2.908114		6.095985858	-2.745526292		6.095985858	-2.745526292
0.0429662	-0.0152815		9.452564	-3.36193		9.361337595	-3.113385774		9.361337595	-3.113385774
0.0625757	-0.0168872		13.766654	-3.715184		13.66470445	-3.353610357		13.66470445	-3.353610357
0.0844544	-0.0179696		18.579968	-3.953312		18.47013738	-3.465682679		18.47013738	-3.465682679
0.1072546	-0.0185378		23.596012	-4.078316		23.48119155	-3.459363899		23.48119155	-3.459363899
0.1306199	-0.018726		28.736378	-4.11972		28.61871312	-3.36622		28.61871312	-3.36622
0.1542479	-0.0186342		33.934538	-4.099524		33.81562108	-3.209984616		33.81562108	-3.209984616
0.1780165	-0.0183251		39.16363	-4.031522		39.04470163	-3.005150055		39.04470163	-3.005150055
0.2019101	-0.0178429		44.420222	-3.925438		44.30226943	-2.761526809		44.30226943	-2.761526809
0.2259134	-0.0172266		49.700948	-3.789852		49.5847351	-2.487780034		49.5847351	-2.487780034
0.2500008	-0.0165121		55.000176	-3.632662		54.88626185	-2.191952424		54.88626185	-2.191952424
0.2741394	-0.0157236		60.310668	-3.459192		60.19947482	-1.879555589		60.19947482	-1.879555589
0.2983025	-0.0148763		65.62655	-3.272786		65.51841451	-1.554086118		65.51841451	-1.554086118
0.3224755	-0.0139787		70.94461	-3.075314		70.83982107	-1.217497435		70.83982107	-1.217497435
0.3466623	-0.0130346		76.265706	-2.867612		76.16453033	-0.870602799		76.16453033	-0.870602799
0.3708753	-0.0120508		81.592566	-2.651176		81.4952302	-0.514826298		81.4952302	-0.514826298
0.3951108	-0.0110373		86.924376	-2.428206		86.83104939	-0.152388484		86.83104939	-0.152388484
0.4193505	-0.0100002		92.25711	-2.200044		92.16792814	0.215263734		92.16792814	0.215263734
0.4435895	-0.0089401		97.58969	-1.966822		97.50478538	0.587970188		97.50478538	0.587970188
0.4678418	-0.0078589		102.925196	-1.728958		102.8446891	0.965393632		102.8446891	0.965393632
0.4921164	-0.0067639		108.265608	-1.488058		108.1895766	1.345980435		108.1895766	1.345980435
0.5164039	-0.0056633		113.608858	-1.245926		113.5373334	1.727873093		113.5373334	1.727873093
0.5406851	-0.0045657		118.950722	-1.004454		118.8836874	2.109069702		118.8836874	2.109069702
0.5649427	-0.0034794		124.287394	-0.765468		124.224786	2.487645278		124.224786	2.487645278
0.5891689	-0.0024146		129.617158	-0.531212		129.5588553	2.861311678		129.5588553	2.861311678
0.6133752	-0.0013813		134.942544	-0.303886		134.8883667	3.22793587		134.8883667	3.22793587
0.6375829	-0.0003836		140.268238	-0.084392		140.217981	3.586738807		140.217981	3.586738807
0.6617893	0.0005785		145.593646	0.12727		145.5471044	3.937704941		145.5471044	3.937704941
0.6859649	0.0014983		150.912278	0.329626		150.8692106	4.279190921		150.8692106	4.279190921
0.7100918	0.002359		156.220196	0.51898		156.1802662	4.607398948		156.1802662	4.607398948
0.7341781	0.0031445		161.519182	0.69179		161.4819598	4.918834874		161.4819598	4.918834874
0.7582289	0.0038412		166.810358	0.845064		166.7753348	5.210537088		166.7753348	5.210537088
0.782229	0.0044338		172.09038	0.975436		172.0569603	5.479053225		172.0569603	5.479053225
0.8061701	0.0049019		177.357422	1.078418		177.3248933	5.719849031		177.3248933	5.719849031
0.8300644	0.0052245		182.614168	1.14939		182.5816961	5.928376335		182.5816961	5.928376335
0.8538801	0.0053795		187.853622	1.18349		187.8202479	6.099591703		187.8202479	6.099591703
0.8775338	0.0053308		193.057436	1.172776		193.0219989	6.225075652		193.0219989	6.225075652
0.9010541	0.0050232		198.231902	1.105104		198.1929213	6.292853015		198.1929213	6.292853015
0.9244893	0.0044249		203.387646	0.973478		203.3434543	6.296208292		203.3434543	6.296208292
0.9476649	0.0035144		208.486278	0.773168		208.4350973	6.229408362		208.4350973	6.229408362
0.9703057	0.0022746		213.467254	0.500412		213.4072285	6.087107953		213.4072285	6.087107953
0.9901036	0.0008677		217.822792	0.190894		217.7531738	5.891689166		217.7531738	5.891689166
1	0		220	0		219.9246399	5.757842468		219.9246399	5.757842468
