Iteration	CPUTime	PhysTime	Travels	Value	AvValue	MinValue	MaxValue	Delta	Criteria	Progress	dGMaxMin	CriteriaType	CriteriaVarType	CriteriaPercentage
1	11	0	0.00782013439	287.500004	287.500004	287.500004	287.500004	0	0	0	0	0.184367	0	0	3
2	13	0	0.0156402688	287.499998	287.500001	287.499998	287.500004	2.79241965e-06	0	0	0	0.190901	0	0	3
3	15	0	0.0234604032	287.499998	287.5	287.499998	287.500004	3.7661635e-06	0	0	0	0.194152	0	0	3
4	17	0	0.0312805376	287.499997	287.499999	287.499997	287.500004	4.58873939e-06	0	0	0	0.19252	0	0	3
5	19	0	0.0391006719	287.499996	287.499999	287.499996	287.500004	5.21118238e-06	0	0	0	0.196434	0	0	3
6	20	0	0.0469208063	287.499994	287.499998	287.499994	287.500004	5.93670046e-06	0	0	0	0.195619	0	0	3
7	22	0	0.0547409407	287.499992	287.499997	287.499992	287.500004	6.74130808e-06	0	0	0	0.195823	0	0	3
8	23	0	0.0625610751	287.49999	287.499996	287.49999	287.500004	7.61608408e-06	0	0	0	0.194647	0	0	3
9	25	0	0.0703812095	287.499988	287.499995	287.499988	287.500004	8.55978044e-06	0	0	0	0.194476	0	0	3
10	26	0	0.0782013439	287.499985	287.499994	287.499985	287.500004	9.53827617e-06	0	0	0	0.193755	0	0	3
11	28	0	0.0860214783	287.499982	287.499993	287.499982	287.500004	1.060899e-05	0	0	0	0.191794	0	0	3
12	30	0	0.0938416127	287.499979	287.499992	287.499979	287.500004	1.17519062e-05	0	0	0	0.191942	0	0	3
13	31	0	0.101661747	287.499977	287.499991	287.499977	287.500004	1.29358662e-05	0	0	0	0.192214	0	0	3
14	33	0	0.109481881	287.499974	287.49999	287.499974	287.500004	1.41535166e-05	0	0	0	0.193701	0	0	3
15	34	0	0.117302016	287.499971	287.499988	287.499971	287.500004	1.5387826e-05	0	0	0	0.194644	0	0	3
16	36	0	0.12512215	287.499967	287.499987	287.499967	287.500004	1.67171672e-05	0	0	0	0.188773	0	0	3
17	38	0	0.132942285	287.499963	287.499986	287.499963	287.500004	1.81112084e-05	0	0	0	0.189343	0	0	3
18	39	0	0.140762419	287.49996	287.499984	287.49996	287.500004	1.95587906e-05	0	0	0	0.190847	0	0	3
19	41	0	0.148582553	287.499956	287.499983	287.499956	287.500004	2.10471615e-05	0	0	0	0.191562	0	0	3
20	43	0	0.156402688	287.499952	287.499981	287.499952	287.500004	2.25726637e-05	0	0	0	0.192205	0	0	3
21	44	0	0.164222822	287.499946	287.49998	287.499946	287.500004	2.42257001e-05	0	0	0	0.194111	0	0	3
22	46	0	0.172042957	287.49994	287.499978	287.49994	287.500004	2.60039656e-05	0	0	0	0.193746	0	0	3
23	47	0	0.179863091	287.499934	287.499976	287.499934	287.500004	2.79062168e-05	0	0	0	0.196023	0	0	3
24	49	0	0.187683225	287.499927	287.499974	287.499927	287.500004	2.99323377e-05	0	0	0	0.197984	0	0	3
25	51	0	0.19550336	287.49992	287.499972	287.49992	287.500004	3.20804557e-05	0	0	0	0.199722	0	0	3
26	52	0	0.203323494	287.499909	287.499969	287.499909	287.500004	3.44943149e-05	0	0	0	0.203193	0	0	3
27	54	0	0.211143629	287.499898	287.499967	287.499898	287.500004	3.7151636e-05	0	0	0	0.205078	0	0	3
28	55	0	0.218963763	287.499886	287.499964	287.499886	287.500004	4.00238599e-05	0	0	0	0.206667	0	0	3
29	57	0	0.226783897	287.499875	287.499961	287.499875	287.500004	4.30791206e-05	0	0	0	0.209091	0	0	3
30	58	0	0.234604032	287.499865	287.499958	287.499865	287.500004	4.62849311e-05	0	0	0	0.21088	0	0	3
31	60	0	0.242424166	287.49985	287.499954	287.49985	287.500004	4.97559997e-05	0	0	0	0.213738	0	0	3
32	62	0	0.2502443	287.499836	287.49995	287.499836	287.500004	5.34336006e-05	0	0	0	0.214552	0	0	3
33	63	0	0.258064435	287.499824	287.499947	287.499824	287.500004	5.72635744e-05	0	0	0	0.215101	0	0	3
34	65	0	0.265884569	287.499813	287.499943	287.499813	287.500004	6.1198827e-05	0	0	0	0.215478	0	0	3
35	67	0	0.273704704	287.499802	287.499939	287.499802	287.500004	6.52023608e-05	0	0	0	0.215765	0	0	3
36	68	0	0.281524838	287.499789	287.499934	287.499789	287.500004	6.93612083e-05	0	0	0	0.216186	0	0	3
37	70	0	0.289344972	287.499776	287.49993	287.499776	287.500004	7.363642e-05	0	0	0	0.21632	0	0	3
38	72	0	0.297165107	287.499764	287.499926	287.499764	287.500004	7.80049488e-05	0	0	0	0.216506	0	0	3
39	73	0	0.304985241	287.499752	287.499921	287.499752	287.500004	8.24488967e-05	0	0	0	0.216643	0	0	3
40	75	0	0.312805376	287.499741	287.499917	287.499741	287.500004	8.69490244e-05	0	0	0	0.216838	0	0	3
41	77	0	0.32062551	287.49973	287.499912	287.49973	287.500004	9.15119707e-05	0	0	0	0.216238	0	0	3
42	78	0	0.328445644	287.49972	287.499908	287.49972	287.500004	9.60816611e-05	0	0	0	0.216227	0	0	3
43	80	0	0.336265779	287.499713	287.499903	287.499713	287.500004	0.000100601672	0	0	0	0.216202	0	0	3
44	82	0	0.344085913	287.499709	287.499899	287.499709	287.500004	0.000105025402	0	0	0	0.217145	0	0	3
45	83	0	0.351906048	287.499706	287.499894	287.499706	287.500004	0.00010931795	0	0	0	0.217217	0	0	3
46	85	0	0.359726182	287.499705	287.49989	287.499705	287.500004	0.000113426579	0	0	0	0.21731	0	0	3
47	87	0	0.367546316	287.499706	287.499886	287.499705	287.500004	0.00011734187	0	0	0	0.217249	0	0	3
48	89	0	0.375366451	287.499708	287.499883	287.499705	287.500004	0.000121056515	0	0	0	0.217463	0	0	3
49	90	0	0.383186585	287.499711	287.499879	287.499705	287.500004	0.000124566995	0	0	0	0.218028	0	0	3
50	92	0	0.391006719	287.499714	287.499876	287.499705	287.500004	0.000127872511	0	0	0	0.21853	0	0	3
51	94	0	0.398826854	287.499719	287.499873	287.499705	287.500004	0.000130957577	0	0	0	0.218185	0	0	3
52	96	0	0.406646988	287.499723	287.49987	287.499705	287.500004	0.000133844716	0	0	0	0.217384	0	0	3
53	98	0	0.414467123	287.499727	287.499867	287.499705	287.500004	0.000136546092	0	0	0	0.216422	0	0	3
54	99	0	0.422287257	287.499731	287.499865	287.499705	287.500004	0.000139068743	0	0	0	0.216109	0	0	3
55	101	0	0.430107391	287.499735	287.499862	287.499705	287.500004	0.000141419717	0	0	0	0.215816	0	0	3
56	103	0	0.437927526	287.49974	287.49986	287.499705	287.500004	0.000143605349	0	0	0	0.214992	0	0	3
57	105	0	0.44574766	287.499744	287.499858	287.499705	287.500004	0.000145648222	0	0	0	0.214475	0	0	3
58	106	0	0.453567795	287.499747	287.499856	287.499705	287.500004	0.000147567607	0	0	0	0.214054	0	0	3
59	108	0	0.461387929	287.499749	287.499854	287.499705	287.500004	0.00014938072	0	0	0	0.214065	0	0	3
60	110	0	0.469208063	287.499751	287.499853	287.499705	287.500004	0.000151104383	0	0	0	0.214083	0	0	3
61	111	0	0.477028198	287.499754	287.499851	287.499705	287.500004	0.000152728854	0	0	0	0.213641	0	0	3
62	113	0	0.484848332	287.499755	287.49985	287.499705	287.500004	0.000154276971	0	0	0	0.212954	0	0	3
63	114	0	0.492668467	287.499756	287.499848	287.499705	287.500004	0.00015576082	0	0	0	0.21265	0	0	3
64	116	0	0.500488601	287.499757	287.499847	287.499705	287.500004	0.000157187807	0	0	0	0.21266	0	0	3
65	118	0	0.508308735	287.499757	287.499843	287.499705	287.499998	0.000158248344	0	0	0	0.212641	0	0	3
66	119	0	0.51612887	287.499758	287.499839	287.499705	287.499998	0.000161026223	0	0	0	0.21321	0	0	3
67	121	0	0.523949004	287.499759	287.499835	287.499705	287.499997	0.000163944333	0	0	0	0.213429	0	0	3
68	123	0	0.531769138	287.499759	287.499832	287.499705	287.499996	0.000167031314	0	0	0	0.213493	0	0	3
69	124	0	0.539589273	287.49976	287.499828	287.499705	287.499994	0.000169990601	0	0	0	0.213499	0	0	3
70	126	0	0.547409407	287.499761	287.499824	287.499705	287.499992	0.000172822978	0	0	0	0.213508	0	0	3
71	128	0	0.555229542	287.499763	287.499821	287.499705	287.49999	0.000175528054	0	0	0	0.213188	0	0	3
72	129	0	0.563049676	287.499764	287.499817	287.499705	287.499988	0.000178110992	0	0	0	0.21309	0	0	3
73	131	0	0.57086981	287.499765	287.499814	287.499705	287.499985	0.000180605088	0	0	0	0.212952	0	0	3
74	132	0	0.578689945	287.499767	287.49981	287.499705	287.499982	0.000182955021	0	0	0	0.21284	0	0	3
75	134	0	0.586510079	287.499767	287.499807	287.499705	287.499979	0.000185171213	0	0	0	0.212696	0	0	3
76	136	0	0.594330214	287.499768	287.499804	287.499705	287.499977	0.000187288307	0	0	0	0.212077	0	0	3
77	138	0	0.602150348	287.499768	287.4998	287.499705	287.499974	0.000189329129	0	0	0	0.211839	0	0	3
78	139	0	0.609970482	287.499768	287.499797	287.499705	287.499971	0.00019131669	0	0	0	0.211572	0	0	3
79	141	0	0.617790617	287.499767	287.499794	287.499705	287.499967	0.000193177708	0	0	0	0.211548	0	0	3
80	142	0	0.625610751	287.499766	287.499791	287.499705	287.499963	0.000194926053	0	0	0	0.211648	0	0	3
81	144	0	0.633430886	287.499767	287.499788	287.499705	287.49996	0.000196550505	0	0	0	0.21185	0	0	3
82	146	0	0.64125102	287.499767	287.499785	287.499705	287.499956	0.000198078344	0	0	0	0.211673	0	0	3
83	148	0	0.649071154	287.499766	287.499782	287.499705	287.499952	0.000199517355	0	0	0	0.211551	0	0	3
84	149	0	0.656891289	287.499766	287.499779	287.499705	287.499946	0.000200774841	0	0	0	0.211436	0	0	3
85	151	0	0.664711423	287.499766	287.499776	287.499705	287.49994	0.0002018192	0	0	0	0.211336	0	0	3
86	152	0	0.672531557	287.499766	287.499773	287.499705	287.499934	0.000202640767	0	0	0	0.211908	0	0	3
87	154	0	0.680351692	287.499766	287.499771	287.499705	287.499927	0.000203238364	0	0	0	0.211901	0	0	3
88	156	0	0.688171826	287.499766	287.499768	287.499705	287.49992	0.000203606331	0	0	0	0.212056	0	0	3
89	157	0	0.695991961	287.499767	287.499766	287.499705	287.499909	0.000203474084	0	0	0	0.212207	0	0	3
90	159	0	0.703812095	287.499767	287.499763	287.499705	287.499898	0.000192072893	0	0	0	0.212315	0	0	3
91	160	0	0.711632229	287.499769	287.499761	287.499705	287.499886	0.000180740974	0	0	0	0.212083	0	0	3
92	162	0	0.719452364	287.49977	287.49976	287.499705	287.499875	0.000169688457	0	0	0	0.212059	0	0	3
93	164	0	0.727272498	287.49977	287.499758	287.499705	287.499865	0.000159061441	0	0	0	0.212042	0	0	3
94	165	0	0.735092633	287.499771	287.499757	287.499705	287.49985	0.000144426821	0	0	0	0.212016	0	0	3
95	167	0	0.742912767	287.499771	287.499755	287.499705	287.499836	0.00013087565	0	0	0	0.211999	0	0	3
96	169	0	0.750732901	287.499773	287.499754	287.499705	287.499824	0.000118492139	0	0	0	0.211734	0	0	3
97	170	0	0.758553036	287.499773	287.499754	287.499705	287.499813	0.000107252715	0	0	0	0.211537	0	0	3
98	172	0	0.76637317	287.499773	287.499753	287.499705	287.499802	9.6992369e-05	0	0	0	0.211385	0	0	3
99	173	0	0.774193305	287.499774	287.499752	287.499705	287.499789	8.33940067e-05	0	0	0	0.211395	0	0	3
100	175	0	0.782013439	287.499774	287.499752	287.499705	287.499776	7.07708327e-05	0	0	0	0.211399	0	0	3
101	178	0	0.789833573	287.499774	287.499752	287.499705	287.499774	6.8962793e-05	0	0	0	0.211063	0	0	3
102	180	0	0.797653708	287.499774	287.499752	287.499705	287.499774	6.8962793e-05	0	0	0	0.210865	0	0	3
103	182	0	0.805473842	287.499774	287.499753	287.499705	287.499774	6.8962793e-05	0	0	0	0.210647	0	0	3
104	183	0	0.813293976	287.499774	287.499753	287.499705	287.499774	6.8962793e-05	0	0	0	0.211158	0	0	3
105	185	0	0.821114111	287.499774	287.499754	287.499705	287.499774	6.8962793e-05	0	0	0	0.211954	0	0	3
106	187	0	0.828934245	287.499774	287.499755	287.499705	287.499774	6.8962793e-05	0	0	0	0.212413	0	0	3
107	188	0	0.83675438	287.499773	287.499756	287.499705	287.499774	6.8962793e-05	0	0	0	0.21277	0	0	3
108	190	0	0.844574514	287.499773	287.499757	287.499705	287.499774	6.8962793e-05	0	0	0	0.212865	0	0	3
109	192	0	0.852394648	287.499772	287.499758	287.499705	287.499774	6.8962793e-05	0	0	0	0.212865	0	0	3
110	193	0	0.860214783	287.499772	287.499759	287.499706	287.499774	6.80931895e-05	0	0	0	0.212806	0	0	3
111	195	0	0.868034917	287.499773	287.49976	287.499708	287.499774	6.62927304e-05	0	0	0	0.211028	0	0	3
112	196	0	0.875855052	287.499772	287.499761	287.499711	287.499774	6.3717934e-05	0	0	0	0.211034	0	0	3
113	198	0	0.883675186	287.499772	287.499762	287.499714	287.499774	6.04907439e-05	0	0	0	0.211168	0	0	3
114	199	0	0.89149532	287.499771	287.499763	287.499719	287.499774	5.58588011e-05	0	0	0	0.211112	0	0	3
115	201	0	0.899315455	287.49977	287.499763	287.499723	287.499774	5.17367173e-05	0	0	0	0.211254	0	0	3
116	203	0	0.907135589	287.49977	287.499764	287.499727	287.499774	4.76655255e-05	0	0	0	0.210909	0	0	3
117	204	0	0.914955724	287.499769	287.499765	287.499731	287.499774	4.34171995e-05	0	0	0	0.210796	0	0	3
118	206	0	0.922775858	287.499768	287.499765	287.499735	287.499774	3.90202017e-05	0	0	0	0.210714	0	0	3
119	207	0	0.930595992	287.499767	287.499766	287.49974	287.499774	3.44630027e-05	0	0	0	0.210787	0	0	3
120	209	0	0.938416127	287.499767	287.499766	287.499744	287.499774	3.06970564e-05	0	0	0	0.211433	0	0	3
121	211	0	0.946236261	287.499767	287.499767	287.499747	287.499774	2.7620463e-05	0	0	0	0.212155	0	0	3
122	212	0	0.954056395	287.499767	287.499767	287.499749	287.499774	2.51892093e-05	0	0	0	0.212615	0	0	3
123	214	0	0.96187653	287.499767	287.499767	287.499751	287.499774	2.34484267e-05	0	0	0	0.212877	0	0	3
124	215	0	0.969696664	287.499767	287.499767	287.499754	287.499774	2.08450318e-05	0	0	0	0.21311	0	0	3
125	217	0	0.977516799	287.499767	287.499768	287.499755	287.499774	1.93599886e-05	0	0	0	0.21316	0	0	3
126	219	0	0.985336933	287.499768	287.499768	287.499756	287.499774	1.84073708e-05	0	0	0	0.210785	0	0	3
127	220	0	0.993157067	287.499768	287.499768	287.499757	287.499774	1.77358903e-05	0	0	0	0.210997	0	0	3
128	222	0	1.0009772	287.499769	287.499768	287.499757	287.499774	1.72371425e-05	8.7780368e-06	0	0	0.210828	0	0	3
