Iteration	CPUTime	PhysTime	Travels	Value	AvValue	MinValue	MaxValue	Delta	Criteria	Progress	dGMaxMin	CriteriaType	CriteriaVarType	CriteriaPercentage
1	14	0	0.007394677	298.372313	298.372313	298.372313	298.372313	0	0	0	0	0	0	0	3
2	16	0	0.014789354	6.7478343	152.560074	6.7478343	298.372313	145.812239	0	0	0	0	0	0	3
3	18	0	0.022184031	29.248268	111.456138	6.7478343	298.372313	186.916174	0	0	0	0	0	0	3
4	20	0	0.029578708	-9.87075167	81.1244159	-9.87075167	298.372313	217.247897	0	0	0	0	0	0	3
5	22	0	0.036973385	31.2908835	71.1577094	-9.87075167	298.372313	227.214603	0	0	0	0	0	0	3
6	25	0	0.044368062	-2.75716919	58.838563	-9.87075167	298.372313	239.53375	0	0	0	0	0	0	3
7	26	0	0.051762739	25.4123386	54.0633881	-9.87075167	298.372313	244.308925	0	0	0	0	0	0	3
8	28	0	0.059157416	0.942174798	47.4232364	-9.87075167	298.372313	250.949076	0	0	0	0	0	0	3
9	30	0	0.066552093	24.6866554	44.8969496	-9.87075167	298.372313	253.475363	0	0	0	0	0	0	3
10	32	0	0.07394677	3.69431283	40.7766859	-9.87075167	298.372313	257.595627	0	0	0	0	0	0	3
11	34	0	0.081341447	22.3863807	39.10484	-9.87075167	298.372313	259.267473	0	0	0	0	0	0	3
12	36	0	0.088736124	8.85390204	36.5839285	-9.87075167	298.372313	261.788384	0	0	0	0	0	0	3
13	38	0	0.096130801	22.8141072	35.5247115	-9.87075167	298.372313	262.847601	0	0	0	0	0	0	3
14	40	0	0.103525478	12.2887235	33.8649981	-9.87075167	298.372313	264.507315	0	0	0	0	0	0	3
15	42	0	0.110920155	23.3058107	33.1610522	-9.87075167	298.372313	265.211261	0	0	0	0	0	0	3
16	44	0	0.118314832	15.9213661	32.0835719	-9.87075167	298.372313	266.288741	0	0	0	0	0	0	3
17	46	0	0.125709509	22.1373555	31.4985003	-9.87075167	298.372313	266.873813	0	0	0	0	0	0	3
18	48	0	0.133104186	17.8575273	30.7406685	-9.87075167	298.372313	267.631644	0	0	0	0	0	0	3
19	50	0	0.140498863	21.3538032	30.2466229	-9.87075167	298.372313	268.12569	0	0	0	0	0	0	3
20	52	0	0.14789354	19.0752574	29.6880546	-9.87075167	298.372313	268.684258	0	0	0	0	0	0	3
21	54	0	0.155288217	20.6280247	29.2566247	-9.87075167	298.372313	269.115688	0	0	0	0	0	0	3
22	56	0	0.162682894	19.9332487	28.8328348	-9.87075167	298.372313	269.539478	0	0	0	0	0	0	3
23	58	0	0.170077571	20.5351114	28.4720642	-9.87075167	298.372313	269.900249	0	0	0	0	0	0	3
24	60	0	0.177472248	20.2208348	28.128263	-9.87075167	298.372313	270.24405	0	0	0	0	0	0	3
25	62	0	0.184866925	20.3966686	27.8189992	-9.87075167	298.372313	270.553314	0	0	0	0	0	0	3
26	64	0	0.192261602	20.4238656	27.534571	-9.87075167	298.372313	270.837742	0	0	0	0	0	0	3
27	66	0	0.199656279	20.4640604	27.2727003	-9.87075167	298.372313	271.099613	0	0	0	0	0	0	3
28	67	0	0.207050956	20.4128752	27.0277065	-9.87075167	298.372313	271.344606	0	0	0	0	0	0	3
29	69	0	0.214445633	20.3653931	26.7979716	-9.87075167	298.372313	271.574341	0	0	0	0	0	0	3
30	71	0	0.22184031	20.3236043	26.5821593	-9.87075167	298.372313	271.790154	0	0	0	0	0	0	3
31	73	0	0.229234987	20.3394273	26.3807809	-9.87075167	298.372313	271.991532	0	0	0	0	0	0	3
32	75	0	0.236629664	20.4118343	26.1942513	-9.87075167	298.372313	272.178062	0	0	0	0	0	0	3
33	77	0	0.244024341	20.5126159	26.0220805	-9.87075167	298.372313	272.350232	0	0	0	0	0	0	3
34	79	0	0.251419018	20.6353245	25.8636465	-9.87075167	298.372313	272.508666	0	0	0	0	0	0	3
35	81	0	0.258813695	20.7411901	25.7172906	-9.87075167	298.372313	272.655022	0	0	0	0	0	0	3
36	83	0	0.266208372	20.8821465	25.5829811	-9.87075167	298.372313	272.789332	0	0	0	0	0	0	3
37	85	0	0.273603049	21.0164703	25.4595619	-9.87075167	298.372313	272.912751	0	0	0	0	0	0	3
38	87	0	0.280997726	21.1713	25.3467129	-9.87075167	298.372313	273.0256	0	0	0	0	0	0	3
39	89	0	0.288392403	21.3169366	25.2433853	-9.87075167	298.372313	273.128928	0	0	0	0	0	0	3
40	90	0	0.29578708	21.4480742	25.1485025	-9.87075167	298.372313	273.22381	0	0	0	0	0	0	3
41	93	0	0.303181757	21.5337284	25.0603373	-9.87075167	298.372313	273.311976	0	0	0	0	0	0	3
42	95	0	0.310576434	21.6001958	24.977953	-9.87075167	298.372313	273.39436	0	0	0	0	0	0	3
43	97	0	0.317971111	21.6501606	24.9005624	-9.87075167	298.372313	273.47175	0	0	0	0	0	0	3
44	98	0	0.325365788	21.6870054	24.827527	-9.87075167	298.372313	273.544786	0	0	0	0	0	0	3
45	100	0	0.332760465	21.7087949	24.7582219	-9.87075167	298.372313	273.614091	0	0	0	0	0	0	3
46	102	0	0.340155142	21.677568	24.6912511	-9.87075167	298.372313	273.681062	0	0	0	0	0	0	3
47	104	0	0.347549819	21.6594387	24.6267445	-9.87075167	298.372313	273.745568	0	0	0	0	0	0	3
48	106	0	0.354944496	21.6489317	24.5647067	-9.87075167	298.372313	273.807606	0	0	0	0	0	0	3
49	108	0	0.362339173	21.6392166	24.5050029	-9.87075167	298.372313	273.86731	0	0	0	0	0	0	3
50	110	0	0.36973385	21.6171368	24.4472455	-9.87075167	298.372313	273.925067	0	0	0	0	0	0	3
51	112	0	0.377128527	21.6184818	24.3917796	-9.87075167	298.372313	273.980533	0	0	0	0	0	0	3
52	114	0	0.384523204	21.5998643	24.3380889	-9.87075167	298.372313	274.034224	0	0	0	0	0	0	3
53	116	0	0.391917881	21.5741947	24.28594	-9.87075167	298.372313	274.086373	0	0	0	0	0	0	3
54	118	0	0.399312558	21.5518707	24.235309	-9.87075167	298.372313	274.137004	0	0	0	0	0	0	3
55	120	0	0.406707235	21.5362324	24.1862349	-9.87075167	298.372313	274.186078	0	0	0	0	0	0	3
56	122	0	0.414101912	21.5154816	24.1385429	-9.87075167	298.372313	274.23377	0	0	0	0	0	0	3
57	124	0	0.421496589	21.5177717	24.0925645	-9.87075167	298.372313	274.279748	0	0	0	0	0	0	3
58	126	0	0.428891266	21.5609211	24.0489154	-9.87075167	298.372313	274.323397	0	0	0	0	0	0	3
59	128	0	0.436285943	21.6297928	24.0079133	-9.87075167	298.372313	274.3644	0	0	0	0	0	0	3
60	130	0	0.44368062	21.7161927	23.969718	-9.87075167	298.372313	274.402595	0	0	0	0	0	0	3
61	132	0	0.451075297	21.7374005	23.9331226	-9.87075167	298.372313	274.43919	0	0	0	0	0	0	3
62	134	0	0.458469974	21.73624	23.897689	-9.87075167	298.372313	274.474624	0	0	0	0	0	0	3
63	136	0	0.465864651	21.7103082	23.8629687	-9.87075167	298.372313	274.509344	0	0	0	0	0	0	3
64	137	0	0.473259328	21.6606766	23.8285579	-9.87075167	298.372313	274.543755	0	0	0	0	0	0	3
65	139	0	0.480654005	21.5865555	23.7940656	-9.87075167	298.372313	274.578247	0	0	0	0	0	0	3
66	141	0	0.488048682	21.5078722	23.7594263	-9.87075167	298.372313	274.612887	0	0	0	0	0	0	3
67	143	0	0.495443359	21.420943	23.7245235	-9.87075167	298.372313	274.647789	0	0	0	0	0	0	3
68	145	0	0.502838036	21.3416754	23.6894816	-9.87075167	298.372313	274.682831	0	0	0	0	0	0	3
69	147	0	0.510232713	21.2771928	19.6145534	-9.87075167	31.2908835	41.1616351	0	0	0	0	0	0	3
70	149	0	0.51762739	21.2264653	19.8274744	-9.87075167	31.2908835	41.1616351	0	0	0	0	0	0	3
71	151	0	0.525022067	21.1913058	19.7089897	-9.87075167	31.2908835	41.1616351	0	0	0	0	0	0	3
72	153	0	0.532416744	21.1817905	20.1656447	-2.75716919	31.2908835	34.0480527	0	0	0	0	0	0	3
73	155	0	0.539811421	21.2033592	20.0172988	-2.75716919	25.4123386	28.1695078	0	0	0	0	0	0	3
74	157	0	0.547206098	21.2469397	20.3703004	0.942174798	25.4123386	24.4701638	0	0	0	0	0	0	3
75	159	0	0.554600775	21.3110196	20.3099869	0.942174798	24.6866554	23.7444806	0	0	0	0	0	0	3
76	161	0	0.561995452	21.2986735	20.6093472	3.69431283	24.6866554	20.9923425	0	0	0	0	0	0	3
77	163	0	0.569390129	21.2967885	20.5594962	3.69431283	23.3058107	19.6114979	0	0	0	0	0	0	3
78	165	0	0.576784806	21.3111292	20.818567	8.85390204	23.3058107	14.4519086	0	0	0	0	0	0	3
79	167	0	0.584179483	21.3296614	20.803027	8.85390204	23.3058107	14.4519086	0	0	0	0	0	0	3
80	169	0	0.59157416	21.3336472	20.9865527	12.2887235	23.3058107	11.0170872	0	0	0	0	0	0	3
81	171	0	0.598968837	21.3333745	20.9647772	12.2887235	23.3058107	11.0170872	0	0	0	0	0	0	3
82	173	0	0.606363514	21.3114319	21.0974641	15.9213661	23.3058107	7.3844446	0	0	0	0	0	0	3
83	175	0	0.613758191	21.2777677	21.0676399	15.9213661	22.1373555	6.21598937	0	0	0	0	0	0	3
84	176	0	0.621152868	21.235009	21.1457817	17.8575273	22.1373555	4.27982817	0	0	0	0	0	0	3
85	178	0	0.628547545	21.1894704	21.1318422	17.8575273	21.7374005	3.87987326	0	0	0	0	0	0	3
86	180	0	0.635942222	21.1408134	21.1801259	19.0752574	21.7374005	2.66214319	0	0	0	0	0	0	3
87	182	0	0.643336899	21.0893559	21.1762369	19.0752574	21.7374005	2.66214319	0	0	0	0	0	0	3
88	184	0	0.650731576	21.0539265	21.205335	19.9332487	21.7374005	1.80415185	0	0	0	0	0	0	3
89	186	0	0.658126253	21.0390579	21.2113796	19.9332487	21.7374005	1.80415185	0	0	0	0	0	0	3
90	188	0	0.66552093	21.0360983	21.227598	20.2208348	21.7374005	1.5165657	0	0	0	0	0	0	3
91	190	0	0.672915607	21.0171386	21.2346866	20.2208348	21.7374005	1.5165657	0	0	0	0	0	0	3
92	192	0	0.680310284	21.0112419	21.2463103	20.3236043	21.7374005	1.41379622	0	0	0	0	0	0	3
93	194	0	0.687704961	21.0284743	21.2556015	20.3236043	21.7374005	1.41379622	0	0	0	0	0	0	3
94	196	0	0.695099638	21.0599701	21.264956	20.3236043	21.7374005	1.41379622	0	0	0	0	0	0	3
95	197	0	0.702494315	21.0969772	21.2742636	20.3236043	21.7374005	1.41379622	0	0	0	0	0	0	3
96	200	0	0.709888992	21.1149418	21.2845881	20.3236043	21.7374005	1.41379622	0	0	0	0	0	0	3
97	201	0	0.717283669	21.1220458	21.2957154	20.3236043	21.7374005	1.41379622	0	0	0	0	0	0	3
98	203	0	0.724678346	21.1231023	21.3074727	20.3394273	21.7374005	1.39797327	0	0	0	0	0	0	3
99	205	0	0.732073023	21.1195513	21.3189451	20.4118343	21.7374005	1.32556625	0	0	0	0	0	0	3
100	207	0	0.7394677	21.1094694	21.3292044	20.5126159	21.7374005	1.22478468	0	0	0	0	0	0	3
101	211	0	0.746862377	21.1022417	21.3378754	20.6353245	21.7374005	1.10207602	0	0	0	0	0	0	3
102	213	0	0.754257054	21.0980896	21.3446808	20.7411901	21.7374005	0.996210406	0	0	0	0	0	0	3
103	215	0	0.761651731	21.1157386	21.3501888	20.8821465	21.7374005	0.855254039	0	0	0	0	0	0	3
104	217	0	0.769046408	21.1444239	21.3540459	21.0112419	21.7374005	0.726158643	0	0	0	0	0	0	3
105	219	0	0.776441085	21.1880445	21.356569	21.0112419	21.7374005	0.726158643	0	0	0	0	0	0	3
106	221	0	0.783835762	21.1962875	21.3569365	21.0112419	21.7374005	0.726158643	0	0	0	0	0	0	3
107	223	0	0.791230439	21.2095781	21.3553577	21.0112419	21.7374005	0.726158643	0	0	0	0	0	0	3
108	225	0	0.798625116	21.2303334	21.3521556	21.0112419	21.7374005	0.726158643	0	0	0	0	0	0	3
109	227	0	0.806019793	21.2511287	21.3479997	21.0112419	21.7374005	0.726158643	0	0	0	0	0	0	3
110	228	0	0.81341447	21.2628873	21.3430393	21.0112419	21.7374005	0.726158643	0	0	0	0	0	0	3
111	230	0	0.820809147	21.2385842	21.3369867	21.0112419	21.7374005	0.726158643	0	0	0	0	0	0	3
112	232	0	0.828203824	21.2013013	21.329844	21.0112419	21.7374005	0.726158643	0	0	0	0	0	0	3
113	234	0	0.835598501	21.1532276	21.3216739	21.0112419	21.7374005	0.726158643	0	0	0	0	0	0	3
114	236	0	0.842993178	21.1045526	21.3132472	21.0112419	21.7374005	0.726158643	0	0	0	0	0	0	3
115	238	0	0.850387855	21.0505747	21.3042933	21.0112419	21.7374005	0.726158643	0	0	0	0	0	0	3
116	240	0	0.857782532	21.0190404	21.2950302	21.0112419	21.7374005	0.726158643	0	0	0	0	0	0	3
117	242	0	0.865177209	20.9974478	21.2855924	20.9974478	21.7374005	0.739952776	0	0	0	0	0	0	3
118	244	0	0.872571886	20.9938559	21.2764265	20.9938559	21.7374005	0.743544672	0	0	0	0	0	0	3
119	246	0	0.879966563	21.012886	21.2675207	20.9938559	21.7374005	0.743544672	0	0	0	0	0	0	3
120	247	0	0.88736124	21.0471748	21.2593929	20.9938559	21.7374005	0.743544672	0	0	0	0	0	0	3
121	249	0	0.894755917	21.0914692	21.252294	20.9938559	21.7374005	0.743544672	0	0	0	0	0	0	3
122	251	0	0.902150594	21.1461457	21.2463275	20.9938559	21.7374005	0.743544672	0	0	0	0	0	0	3
123	253	0	0.909545271	21.2316239	21.2418479	20.9938559	21.7374005	0.743544672	0	0	0	0	0	0	3
124	255	0	0.916939948	21.3297178	21.2391161	20.9938559	21.7374005	0.743544672	0	0	0	0	0	0	3
125	257	0	0.924334625	21.4395643	21.237966	20.9938559	21.7374005	0.743544672	0	0	0	0	0	0	3
126	259	0	0.931729302	21.463013	21.2365262	20.9938559	21.7374005	0.743544672	0	0	0	0	0	0	3
127	261	0	0.939123979	21.4741904	21.2342379	20.9938559	21.7374005	0.743544672	0	0	0	0	0	0	3
128	263	0	0.946518656	21.4743624	21.2306816	20.9938559	21.7374005	0.743544672	0	0	0	0	0	0	3
129	265	0	0.953913333	21.4610581	21.2266177	20.9938559	21.73624	0.742384163	0	0	0	0	0	0	3
130	267	0	0.96130801	21.42577	21.222052	20.9938559	21.7103082	0.716452292	0	0	0	0	0	0	3
131	269	0	0.968702687	21.383962	21.2172528	20.9938559	21.6606766	0.666820723	0	0	0	0	0	0	3
132	270	0	0.976097364	21.3198881	21.2122412	20.9938559	21.5865555	0.592699606	0	0	0	0	0	0	3
133	272	0	0.983492041	21.2407305	21.2071555	20.9938559	21.5078722	0.514016339	0	0	0	0	0	0	3
134	274	0	0.990886718	21.1603433	21.2020448	20.9938559	21.4743624	0.48050655	0	0	0	0	0	0	3
135	276	0	0.998281395	21.0904941	21.1971853	20.9938559	21.4743624	0.48050655	0	0	0	0	0	0	3
136	278	0	1.00567607	21.0414328	21.1927699	20.9938559	21.4743624	0.48050655	1.23484905	0	100	0	0	0	3
137	280	0	1.01307075	21.012014	21.1888702	20.9938559	21.4743624	0.48050655	1.23484905	0	100	0	0	0	3
138	282	0	1.02046543	21.0052962	21.1856178	20.9938559	21.4743624	0.48050655	1.23484905	0	100	0	0	0	3
139	284	0	1.0278601	21.0230945	21.1831441	20.9938559	21.4743624	0.48050655	1.23484905	0	100	0	0	0	3
140	286	0	1.03525478	21.0516816	21.1812307	20.9938559	21.4743624	0.48050655	1.23484905	0	100	0	0	0	3
141	288	0	1.04264946	21.0787298	21.1793979	20.9938559	21.4743624	0.48050655	1.23484905	0	100	0	0	0	3
142	290	0	1.05004413	21.0966358	21.1771876	20.9938559	21.4743624	0.48050655	1.23484905	0	100	0	0	0	3
143	292	0	1.05743881	21.1142347	21.1742937	20.9938559	21.4743624	0.48050655	1.23484905	0	100	0	0	0	3
144	294	0	1.06483349	21.1219758	21.1716952	20.9938559	21.4743624	0.48050655	1.23484905	0	100	0	0	0	3
145	296	0	1.07222816	21.1376596	21.169355	20.9938559	21.4743624	0.48050655	1.23484905	0	100	0	0	0	3
146	298	0	1.07962284	21.1682666	21.1672541	20.9938559	21.4743624	0.48050655	1.23484905	0	100	0	0	0	3
147	300	0	1.08701752	21.2197416	21.1656376	20.9938559	21.4743624	0.392159265	1.23484905	0	100	0	0	0	3
148	302	0	1.0944122	21.2762225	21.1647932	20.9938559	21.4743624	0.392159265	1.23484905	0	100	0	0	0	3
149	304	0	1.10180687	21.3296534	21.1647384	20.9938559	21.4743624	0.289296539	1.23484905	0	100	0	0	0	3
150	306	0	1.10920155	21.3452756	21.1652361	20.9938559	21.4743624	0.289296539	1.23484905	0	100	0	0	0	3
151	308	0	1.11659623	21.3654132	21.166525	20.9938559	21.4743624	0.225094218	1.23484905	0	100	0	0	0	3
152	310	0	1.1239909	21.3805257	21.168665	20.9938559	21.4743624	0.225094218	1.23484905	0	100	0	0	0	3
153	312	0	1.13138558	21.3670156	21.171276	20.9938559	21.4743624	0.192198023	1.23484905	0	100	0	0	0	3
154	314	0	1.13878026	21.3169897	21.1738668	20.9938559	21.4743624	0.192198023	1.23484905	0	100	0	0	0	3
155	316	0	1.14617493	21.2333027	21.1759836	20.9938559	21.4743624	0.192198023	1.23484905	0	100	0	0	0	3
156	318	0	1.15356961	21.1289665	21.1770872	20.9938559	21.4743624	0.192198023	1.23484905	0	100	0	0	0	3
157	320	0	1.16096429	21.0233514	21.1768562	20.9938559	21.4743624	0.192198023	1.23484905	0	100	0	0	0	3
158	322	0	1.16835897	20.9344733	21.1753617	20.9344733	21.4743624	0.192198023	1.23484905	0	100	0	0	0	3
159	324	0	1.17575364	20.8820447	21.173375	20.8820447	21.4743624	0.192198023	1.23484905	0	100	0	0	0	3
160	326	0	1.18314832	20.8484168	21.1709806	20.8484168	21.4743624	0.192198023	1.23484905	0	100	0	0	0	3
161	328	0	1.190543	20.8399323	21.1682079	20.8399323	21.4743624	0.192198023	1.23484905	0	100	0	0	0	3
162	330	0	1.19793767	20.8555241	21.1652013	20.8399323	21.4743624	0.192198023	1.23484905	0	100	0	0	0	3
163	332	0	1.20533235	20.8855968	21.1620928	20.8399323	21.4743624	0.194843681	1.23484905	0	100	0	0	0	3
164	334	0	1.21272703	20.9153235	21.1591572	20.8399323	21.4743624	0.197779244	1.23484905	0	100	0	0	0	3
165	336	0	1.2201217	20.9426087	21.1565184	20.8399323	21.4743624	0.200418026	1.23484905	0	100	0	0	0	3
166	338	0	1.22751638	20.9820911	21.1544447	20.8399323	21.4743624	0.20249172	1.23484905	0	100	0	0	0	3
167	340	0	1.23491106	21.0081161	21.152806	20.8399323	21.4743624	0.204130471	1.23484905	0	100	0	0	0	3
168	342	0	1.24230574	21.0079037	21.1513124	20.8399323	21.4743624	0.205624085	1.23484905	0	100	0	0	0	3
169	343	0	1.24970041	20.9994378	21.1498006	20.8399323	21.4743624	0.207135907	1.23484905	0	100	0	0	0	3
170	345	0	1.25709509	20.9851159	21.1481392	20.8399323	21.4743624	0.208797285	1.23484905	0	100	0	0	0	3
171	347	0	1.26448977	20.9674504	21.1459585	20.8399323	21.4743624	0.210977994	1.23484905	0	100	0	0	0	3
172	349	0	1.27188444	20.9402094	21.1429553	20.8399323	21.4743624	0.213981148	1.23484905	0	100	0	0	0	3
173	351	0	1.27927912	20.9223506	21.1390481	20.8399323	21.4743624	0.217888412	1.23484905	0	100	0	0	0	3
174	353	0	1.2866738	20.9213741	21.1350052	20.8399323	21.4743624	0.220352453	1.23484905	0	100	0	0	0	3
175	355	0	1.29406847	20.9188817	21.1307303	20.8399323	21.4743624	0.221425327	1.23484905	0	100	0	0	0	3
176	357	0	1.30146315	20.9268268	21.1262669	20.8399323	21.4743624	0.221732782	1.23484905	0	100	0	0	0	3
177	359	0	1.30885783	20.9328938	21.121587	20.8399323	21.4743624	0.221452289	1.23484905	0	100	0	0	0	3
178	361	0	1.31625251	20.9367697	21.1167912	20.8399323	21.4743624	0.220195543	1.23484905	0	100	0	0	0	3
179	363	0	1.32364718	20.9354911	21.1123339	20.8399323	21.4743624	0.217510088	1.23484905	0	100	0	0	0	3
180	365	0	1.33104186	20.9359068	21.108431	20.8399323	21.4743624	0.213242842	1.23484905	0	100	0	0	0	3
181	367	0	1.33843654	20.9560647	21.1055316	20.8399323	21.4743624	0.2077156	1.23484905	0	100	0	0	0	3
182	369	0	1.34583121	20.9715802	21.1035761	20.8399323	21.4743624	0.200717193	1.23484905	0	100	0	0	0	3
183	371	0	1.35322589	20.9808782	21.1025512	20.8399323	21.4743624	0.192479034	1.23484905	0	100	0	0	0	3
184	372	0	1.36062057	20.9810819	21.101993	20.8399323	21.4743624	0.18359947	1.23484905	0	100	0	0	0	3
185	374	0	1.36801524	20.9583074	21.1014174	20.8399323	21.4743624	0.175009167	1.23484905	0	100	0	0	0	3
186	376	0	1.37540992	20.9209498	21.1003452	20.8399323	21.4743624	0.167175495	1.23484905	0	100	0	0	0	3
187	378	0	1.3828046	20.8827336	21.0984312	20.8399323	21.4743624	0.160961713	1.23484905	0	100	0	0	0	3
188	380	0	1.39019928	20.8526594	21.0955707	20.8399323	21.4743624	0.156723329	1.23484905	0	100	0	0	0	3
189	382	0	1.39759395	20.8356024	21.0918079	20.8356024	21.4743624	0.154519532	1.23484905	0	100	0	0	0	3
190	384	0	1.40498863	20.836185	21.0872497	20.8356024	21.4743624	0.154598241	1.23484905	0	100	0	0	0	3
191	386	0	1.41238331	20.8432948	21.081539	20.8356024	21.4743624	0.157577144	1.23484905	0	100	0	0	0	3
192	388	0	1.41977798	20.8618257	21.0746582	20.8356024	21.4743624	0.163307803	1.23484905	0	100	0	0	0	3
193	390	0	1.42717266	20.8776867	21.0663953	20.8356024	21.4743624	0.170130884	1.23484905	0	100	0	0	0	3
194	392	0	1.43456734	20.8971838	21.0580743	20.8356024	21.4743624	0.176163631	1.23484905	0	100	0	0	0	3
195	394	0	1.44196201	20.9057473	21.0497148	20.8356024	21.4743624	0.180966761	1.23484905	0	100	0	0	0	3
196	396	0	1.44935669	20.9284619	21.0416869	20.8356024	21.4610581	0.18493085	1.23484905	0	100	0	0	0	3
197	398	0	1.45675137	20.935871	21.0339635	20.8356024	21.42577	0.188088454	1.23484905	0	100	0	0	0	3
198	400	0	1.46414605	20.9373358	21.0267807	20.8356024	21.383962	0.190472102	1.23484905	0	100	0	0	0	3
199	401	0	1.47154072	20.9247866	21.0200281	20.8356024	21.3805257	0.192213086	1.23484905	0	100	0	0	0	3
200	403	0	1.4789354	20.8974667	21.013816	20.8356024	21.3805257	0.193339504	1.23484905	0	100	0	0	0	3
201	407	0	1.48633008	20.8737977	21.0084199	20.8356024	21.3805257	0.193624855	1.23484905	0	100	0	0	0	3
202	409	0	1.49372475	20.8578209	21.0039711	20.8356024	21.3805257	0.193214172	1.23484905	0	100	0	0	0	3
203	411	0	1.50111943	20.8462613	21.0003794	20.8356024	21.3805257	0.192390498	1.23484905	0	100	0	0	0	3
204	413	0	1.50851411	20.8461449	20.9975075	20.8356024	21.3805257	0.191362691	1.23484905	0	100	0	0	0	3
205	415	0	1.51590878	20.8449185	20.9950503	20.8356024	21.3805257	0.190567491	1.23484905	0	100	0	0	0	3
206	417	0	1.52330346	20.847266	20.9927263	20.8356024	21.3805257	0.19041777	1.23484905	0	100	0	0	0	3
207	419	0	1.53069814	20.8427493	20.9900742	20.8356024	21.3805257	0.191156538	1.23484905	0	100	0	0	0	3
208	421	0	1.53809282	20.8396066	20.9869554	20.8356024	21.3805257	0.192442501	1.23484905	0	100	0	0	0	3
209	423	0	1.54548749	20.8362956	20.9833902	20.8356024	21.3805257	0.193797358	1.23484905	0	100	0	0	0	3
210	425	0	1.55288217	20.8519691	20.9797922	20.8356024	21.3805257	0.197295023	1.23484905	0	100	0	0	0	3
211	427	0	1.56027685	20.8666798	20.9761516	20.8356024	21.3805257	0.200935536	1.23484905	0	100	0	0	0	3
212	429	0	1.56767152	20.8828006	20.9726344	20.8356024	21.3805257	0.204452819	1.23484905	0	100	0	0	0	3
213	430	0	1.5750662	20.8874931	20.9689554	20.8356024	21.3805257	0.208131739	1.23484905	0	100	0	0	0	3
214	432	0	1.58246088	20.8848194	20.9647871	20.8356024	21.3805257	0.21230008	1.23484905	0	100	0	0	0	3
