10 0.01
10.1432 0.010895
10.2863 0.01179
10.4293 0.012685
10.5722 0.01358
10.7148 0.014475
10.8571 0.01537
10.999 0.016265
11.1405 0.01716
11.2815 0.018055
11.422 0.01895
11.5618 0.019845
11.701 0.02074
11.8395 0.021635
11.9772 0.02253
12.1141 0.023425
12.25 0.02432
12.385 0.025215
12.5189 0.02611
12.6517 0.027005
12.7834 0.0279
12.9139 0.028795
13.0432 0.02969
13.171 0.030585
13.2975 0.03148
13.4226 0.032375
13.5461 0.03327
13.6681 0.034165
13.7884 0.03506
13.907 0.035955
14.0239 0.03685
14.139 0.037745
14.2521 0.03864
14.3634 0.039535
14.4726 0.04043
14.5798 0.041325
14.6849 0.04222
14.7878 0.043115
14.8885 0.04401
14.9868 0.044905
15.0828 0.0458
15.1764 0.046695
15.2675 0.04759
15.3561 0.048485
15.442 0.04938
15.5253 0.050275
15.6059 0.05117
15.6839 0.052065
15.7593 0.05296
15.8321 0.053855
15.9024 0.05475
15.9703 0.055645
16.0357 0.05654
16.0988 0.057435
16.1596 0.05833
16.2181 0.059225
16.2744 0.06012
16.3285 0.061015
16.3805 0.06191
16.4305 0.062805
16.4784 0.0637
16.5243 0.064595
16.5682 0.06549
16.6103 0.066385
16.6505 0.06728
16.689 0.068175
16.7257 0.06907
16.7606 0.069965
16.794 0.07086
16.8257 0.071755
16.8558 0.07265
16.8845 0.073545
16.9117 0.07444
16.9374 0.075335
16.9618 0.07623
16.9849 0.077125
17.0066 0.07802
17.0272 0.078915
17.0466 0.07981
17.0648 0.080705
17.0819 0.0816
17.098 0.082495
17.1131 0.08339
17.1272 0.084285
17.1405 0.08518
17.1528 0.086075
17.1644 0.08697
17.1752 0.087865
17.1853 0.08876
17.1947 0.089655
17.2035 0.09055
17.2118 0.091445
17.2195 0.09234
17.2267 0.093235
17.2335 0.09413
17.2399 0.095025
17.246 0.09592
17.2517 0.096815
17.2573 0.09771
17.2626 0.098605
17.2678 0.0995
17.2728 0.100395
17.2779 0.10129
17.2829 0.102185
17.2879 0.10308
17.293 0.103975
17.2983 0.10487
17.3037 0.105765
17.3094 0.10666
17.3153 0.107555
17.3216 0.10845
17.3282 0.109345
17.3353 0.11024
17.3427 0.111135
17.3506 0.11203
17.359 0.112925
17.3677 0.11382
17.3768 0.114715
17.3863 0.11561
17.3962 0.116505
17.4064 0.1174
17.417 0.118295
17.4279 0.11919
17.4391 0.120085
17.4506 0.12098
17.4624 0.121875
17.4744 0.12277
17.4868 0.123665
17.4994 0.12456
17.5122 0.125455
17.5252 0.12635
17.5385 0.127245
17.5519 0.12814
17.5656 0.129035
17.5794 0.12993
17.5933 0.130825
17.6075 0.13172
17.6217 0.132615
17.6361 0.13351
17.6506 0.134405
17.6651 0.1353
17.6798 0.136195
17.6945 0.13709
17.7093 0.137985
17.7241 0.13888
17.7389 0.139775
17.7538 0.14067
17.7686 0.141565
17.7835 0.14246
17.7983 0.143355
17.8131 0.14425
17.8279 0.145145
17.8426 0.14604
17.8572 0.146935
17.8717 0.14783
17.8861 0.148725
17.9004 0.14962
17.9146 0.150515
17.9287 0.15141
17.9426 0.152305
17.9563 0.1532
17.9698 0.154095
17.9832 0.15499
17.9964 0.155885
18.0093 0.15678
18.022 0.157675
18.0345 0.15857
18.0467 0.159465
18.0586 0.16036
18.0703 0.161255
18.0816 0.16215
18.0927 0.163045
18.1034 0.16394
18.1138 0.164835
18.1239 0.16573
18.1336 0.166625
18.1429 0.16752
18.1518 0.168415
18.1604 0.16931
18.1685 0.170205
18.1762 0.1711
18.1835 0.171995
18.1904 0.17289
18.1969 0.173785
18.203 0.17468
18.2087 0.175575
18.2141 0.17647
18.2191 0.177365
18.2237 0.17826
18.228 0.179155
18.232 0.18005
18.2356 0.180945
18.2389 0.18184
18.2419 0.182735
18.2446 0.18363
18.247 0.184525
18.2491 0.18542
18.2509 0.186315
18.2525 0.18721
18.2538 0.188105
18.2548 0.189
18.2556 0.189895
18.2561 0.19079
18.2564 0.191685
18.2565 0.19258
18.2564 0.193475
18.2561 0.19437
18.2555 0.195265
18.2548 0.19616
18.2539 0.197055
18.2528 0.19795
18.2515 0.198845
18.2501 0.19974
18.2486 0.200635
18.2469 0.20153
18.245 0.202425
18.2431 0.20332
18.241 0.204215
18.2388 0.20511
18.2365 0.206005
18.2341 0.2069
18.2317 0.207795
18.2291 0.20869
18.2265 0.209585
18.2238 0.21048
18.2211 0.211375
18.2184 0.21227
18.2155 0.213165
18.2127 0.21406
18.2099 0.214955
18.207 0.21585
18.2041 0.216745
18.2013 0.21764
18.1984 0.218535
18.1956 0.21943
18.1928 0.220325
18.19 0.22122
18.1873 0.222115
18.1847 0.22301
18.1821 0.223905
18.1795 0.2248
18.1771 0.225695
18.1747 0.22659
18.1725 0.227485
18.1703 0.22838
18.1682 0.229275
18.1663 0.23017
18.1645 0.231065
18.1628 0.23196
18.1612 0.232855
18.1598 0.23375
18.1585 0.234645
18.1572 0.23554
18.1561 0.236435
18.1551 0.23733
18.1542 0.238225
18.1533 0.23912
18.1526 0.240015
18.152 0.24091
18.1514 0.241805
18.151 0.2427
18.1506 0.243595
18.1503 0.24449
18.1501 0.245385
18.1499 0.24628
18.1498 0.247175
18.1498 0.24807
18.1498 0.248965
18.1499 0.24986
18.1501 0.250755
18.1503 0.25165
18.1506 0.252545
18.1509 0.25344
18.1513 0.254335
18.1517 0.25523
18.1521 0.256125
18.1526 0.25702
18.1531 0.257915
18.1536 0.25881
18.1542 0.259705
18.1548 0.2606
18.1554 0.261495
18.156 0.26239
18.1566 0.263285
18.1573 0.26418
18.1579 0.265075
18.1586 0.26597
18.1592 0.266865
18.1599 0.26776
18.1605 0.268655
18.1612 0.26955
18.1618 0.270445
18.1624 0.27134
18.163 0.272235
18.1636 0.27313
18.1642 0.274025
18.1647 0.27492
18.1652 0.275815
18.1657 0.27671
18.1661 0.277605
18.1665 0.2785
18.1668 0.279395
18.1671 0.28029
18.1674 0.281185
18.1676 0.28208
18.1678 0.282975
18.1678 0.28387
18.1679 0.284765
18.1678 0.28566
18.1677 0.286555
18.1676 0.28745
18.1673 0.288345
18.167 0.28924
18.1666 0.290135
18.1661 0.29103
18.1656 0.291925
18.1649 0.29282
18.1642 0.293715
18.1634 0.29461
18.1625 0.295505
18.1616 0.2964
18.1605 0.297295
18.1594 0.29819
18.1582 0.299085
18.157 0.29998
18.1557 0.300875
18.1543 0.30177
18.1528 0.302665
18.1513 0.30356
18.1497 0.304455
18.148 0.30535
18.1463 0.306245
18.1445 0.30714
18.1426 0.308035
18.1407 0.30893
18.1387 0.309825
18.1366 0.31072
18.1345 0.311615
18.1324 0.31251
18.1301 0.313405
18.1278 0.3143
18.1255 0.315195
18.1231 0.31609
18.1206 0.316985
18.1181 0.31788
18.1156 0.318775
18.113 0.31967
18.1103 0.320565
18.1076 0.32146
18.1048 0.322355
18.102 0.32325
18.0991 0.324145
18.0962 0.32504
18.0933 0.325935
18.0903 0.32683
18.0872 0.327725
18.0841 0.32862
18.081 0.329515
18.0778 0.33041
18.0746 0.331305
18.0714 0.3322
18.0681 0.333095
18.0648 0.33399
18.0614 0.334885
18.058 0.33578
18.0546 0.336675
18.0511 0.33757
18.0476 0.338465
18.0441 0.33936
18.0405 0.340255
18.0369 0.34115
18.0333 0.342045
18.0297 0.34294
18.026 0.343835
18.0223 0.34473
18.0185 0.345625
18.0148 0.34652
18.011 0.347415
18.0072 0.34831
18.0034 0.349205
17.9996 0.3501
17.9957 0.350995
17.9918 0.35189
17.9879 0.352785
17.984 0.35368
17.9801 0.354575
17.9761 0.35547
17.9721 0.356365
17.9681 0.35726
17.964 0.358155
17.96 0.35905
17.9559 0.359945
17.9518 0.36084
17.9476 0.361735
17.9435 0.36263
17.9393 0.363525
17.935 0.36442
17.9308 0.365315
17.9265 0.36621
17.9221 0.367105
17.9178 0.368
17.9134 0.368895
17.909 0.36979
17.9045 0.370685
17.9 0.37158
17.8955 0.372475
17.891 0.37337
17.8864 0.374265
17.8818 0.37516
17.8771 0.376055
17.8724 0.37695
17.8676 0.377845
17.8629 0.37874
17.858 0.379635
17.8532 0.38053
17.8483 0.381425
17.8433 0.38232
17.8383 0.383215
17.8333 0.38411
17.8283 0.385005
17.8231 0.3859
17.818 0.386795
17.8128 0.38769
17.8075 0.388585
17.8022 0.38948
17.7969 0.390375
17.7915 0.39127
17.7861 0.392165
17.7806 0.39306
17.775 0.393955
17.7694 0.39485
17.7638 0.395745
17.7581 0.39664
17.7524 0.397535
17.7466 0.39843
17.7407 0.399325
17.7348 0.40022
17.7289 0.401115
17.7229 0.40201
17.7168 0.402905
17.7107 0.4038
17.7045 0.404695
17.6983 0.40559
17.692 0.406485
17.6856 0.40738
17.6792 0.408275
17.6727 0.40917
17.6662 0.410065
17.6596 0.41096
17.6529 0.411855
17.6462 0.41275
17.6395 0.413645
17.6326 0.41454
17.6258 0.415435
17.6188 0.41633
17.6119 0.417225
17.6048 0.41812
17.5978 0.419015
17.5906 0.41991
17.5835 0.420805
17.5763 0.4217
17.569 0.422595
17.5617 0.42349
17.5544 0.424385
17.5471 0.42528
17.5397 0.426175
17.5322 0.42707
17.5248 0.427965
17.5173 0.42886
17.5098 0.429755
17.5022 0.43065
17.4946 0.431545
17.487 0.43244
17.4794 0.433335
17.4718 0.43423
17.4641 0.435125
17.4564 0.43602
17.4487 0.436915
17.441 0.43781
17.4333 0.438705
17.4256 0.4396
17.4178 0.440495
17.4101 0.44139
17.4023 0.442285
17.3945 0.44318
17.3868 0.444075
17.379 0.44497
17.3712 0.445865
17.3634 0.44676
17.3557 0.447655
17.3479 0.44855
17.3401 0.449445
17.3324 0.45034
17.3246 0.451235
17.3169 0.45213
17.3092 0.453025
17.3014 0.45392
17.2937 0.454815
17.286 0.45571
17.2784 0.456605
17.2707 0.4575
17.2631 0.458395
17.2555 0.45929
17.2479 0.460185
17.2403 0.46108
17.2328 0.461975
17.2253 0.46287
17.2178 0.463765
17.2104 0.46466
17.203 0.465555
17.1956 0.46645
17.1882 0.467345
17.1809 0.46824
17.1737 0.469135
17.1664 0.47003
17.1592 0.470925
17.1521 0.47182
17.145 0.472715
17.1379 0.47361
17.1309 0.474505
17.1239 0.4754
17.117 0.476295
17.1101 0.47719
17.1032 0.478085
17.0963 0.47898
17.0895 0.479875
17.0828 0.48077
17.0761 0.481665
17.0694 0.48256
17.0627 0.483455
17.0561 0.48435
17.0495 0.485245
17.0429 0.48614
17.0364 0.487035
17.0299 0.48793
17.0234 0.488825
17.017 0.48972
17.0106 0.490615
17.0042 0.49151
16.9979 0.492405
16.9915 0.4933
16.9852 0.494195
16.979 0.49509
16.9727 0.495985
16.9665 0.49688
16.9603 0.497775
16.9542 0.49867
16.948 0.499565
16.9419 0.50046
16.9358 0.501355
16.9298 0.50225
16.9237 0.503145
16.9177 0.50404
16.9117 0.504935
16.9057 0.50583
16.8998 0.506725
16.8938 0.50762
16.8879 0.508515
16.882 0.50941
16.8761 0.510305
16.8702 0.5112
16.8644 0.512095
16.8585 0.51299
16.8527 0.513885
16.8469 0.51478
16.8411 0.515675
16.8353 0.51657
16.8296 0.517465
16.8238 0.51836
16.8181 0.519255
16.8124 0.52015
16.8067 0.521045
16.801 0.52194
16.7953 0.522835
16.7896 0.52373
16.7839 0.524625
16.7782 0.52552
16.7726 0.526415
16.7669 0.52731
16.7613 0.528205
16.7557 0.5291
16.75 0.529995
16.7444 0.53089
16.7388 0.531785
16.7332 0.53268
16.7276 0.533575
16.722 0.53447
16.7164 0.535365
16.7108 0.53626
16.7052 0.537155
16.6996 0.53805
16.694 0.538945
16.6884 0.53984
16.6828 0.540735
16.6772 0.54163
16.6716 0.542525
16.6661 0.54342
16.6605 0.544315
16.6549 0.54521
16.6493 0.546105
16.6437 0.547
16.6381 0.547895
16.6325 0.54879
16.6269 0.549685
16.6213 0.55058
16.6157 0.551475
16.6101 0.55237
16.6045 0.553265
16.5989 0.55416
16.5933 0.555055
16.5877 0.55595
16.5821 0.556845
16.5764 0.55774
16.5708 0.558635
16.5652 0.55953
16.5595 0.560425
16.5539 0.56132
16.5482 0.562215
16.5425 0.56311
16.5368 0.564005
16.5312 0.5649
16.5255 0.565795
16.5198 0.56669
16.514 0.567585
16.5083 0.56848
16.5026 0.569375
16.4968 0.57027
16.4911 0.571165
16.4853 0.57206
16.4795 0.572955
16.4737 0.57385
16.4679 0.574745
16.4621 0.57564
16.4563 0.576535
16.4504 0.57743
16.4446 0.578325
16.4387 0.57922
16.4328 0.580115
16.4269 0.58101
16.421 0.581905
16.415 0.5828
16.4091 0.583695
16.4031 0.58459
16.3971 0.585485
16.3911 0.58638
16.3851 0.587275
16.3791 0.58817
16.373 0.589065
16.3669 0.58996
16.3608 0.590855
16.3547 0.59175
16.3486 0.592645
16.3424 0.59354
16.3362 0.594435
16.33 0.59533
16.3238 0.596225
16.3175 0.59712
16.3112 0.598015
16.3048 0.59891
16.2985 0.599805
16.2921 0.6007
16.2856 0.601595
16.2791 0.60249
16.2726 0.603385
16.266 0.60428
16.2594 0.605175
16.2527 0.60607
16.246 0.606965
16.2392 0.60786
16.2324 0.608755
16.2255 0.60965
16.2186 0.610545
16.2116 0.61144
16.2045 0.612335
16.1974 0.61323
16.1903 0.614125
16.183 0.61502
16.1757 0.615915
16.1684 0.61681
16.161 0.617705
16.1534 0.6186
16.1459 0.619495
16.1382 0.62039
16.1305 0.621285
16.1227 0.62218
16.1148 0.623075
16.1069 0.62397
16.0989 0.624865
16.0907 0.62576
16.0825 0.626655
16.0742 0.62755
16.0659 0.628445
16.0574 0.62934
16.0488 0.630235
16.0402 0.63113
16.0315 0.632025
16.0226 0.63292
16.0137 0.633815
16.0046 0.63471
15.9955 0.635605
15.9863 0.6365
15.9769 0.637395
15.9675 0.63829
15.9579 0.639185
15.9482 0.64008
15.9385 0.640975
15.9286 0.64187
15.9186 0.642765
15.9085 0.64366
15.8982 0.644555
15.8879 0.64545
15.8774 0.646345
15.8668 0.64724
15.8561 0.648135
15.8452 0.64903
15.8343 0.649925
15.8232 0.65082
15.8119 0.651715
15.8006 0.65261
15.7891 0.653505
15.7775 0.6544
15.7657 0.655295
15.7539 0.65619
15.7419 0.657085
15.7298 0.65798
15.7175 0.658875
15.7052 0.65977
15.6927 0.660665
15.6801 0.66156
15.6674 0.662455
15.6545 0.66335
15.6416 0.664245
15.6285 0.66514
15.6153 0.666035
15.602 0.66693
15.5886 0.667825
15.575 0.66872
15.5613 0.669615
15.5475 0.67051
15.5336 0.671405
15.5196 0.6723
15.5055 0.673195
15.4913 0.67409
15.4769 0.674985
15.4624 0.67588
15.4479 0.676775
15.4332 0.67767
15.4184 0.678565
15.4035 0.67946
15.3885 0.680355
15.3733 0.68125
15.3581 0.682145
15.3428 0.68304
15.3273 0.683935
15.3118 0.68483
15.2961 0.685725
15.2803 0.68662
15.2645 0.687515
15.2485 0.68841
15.2324 0.689305
15.2162 0.6902
15.2 0.691095
15.1836 0.69199
15.1671 0.692885
15.1505 0.69378
15.1338 0.694675
15.1171 0.69557
15.1002 0.696465
15.0832 0.69736
15.0661 0.698255
15.049 0.69915
15.0317 0.700045
15.0143 0.70094
14.9969 0.701835
14.9793 0.70273
14.9617 0.703625
14.9439 0.70452
14.9261 0.705415
14.9082 0.70631
14.8902 0.707205
14.8721 0.7081
14.8539 0.708995
14.8356 0.70989
14.8172 0.710785
14.7988 0.71168
14.7802 0.712575
14.7616 0.71347
14.7428 0.714365
14.724 0.71526
14.7051 0.716155
14.6861 0.71705
14.667 0.717945
14.6477 0.71884
14.6284 0.719735
14.6091 0.72063
14.5896 0.721525
14.57 0.72242
14.5503 0.723315
14.5305 0.72421
14.5106 0.725105
14.4906 0.726
14.4705 0.726895
14.4503 0.72779
14.43 0.728685
14.4096 0.72958
14.3891 0.730475
14.3684 0.73137
14.3477 0.732265
14.3269 0.73316
14.3059 0.734055
14.2849 0.73495
14.2637 0.735845
14.2425 0.73674
14.2211 0.737635
14.1996 0.73853
14.178 0.739425
14.1563 0.74032
14.1344 0.741215
14.1125 0.74211
14.0904 0.743005
14.0682 0.7439
14.0459 0.744795
14.0235 0.74569
14.001 0.746585
13.9783 0.74748
13.9555 0.748375
13.9326 0.74927
13.9096 0.750165
13.8865 0.75106
13.8632 0.751955
13.8398 0.75285
13.8163 0.753745
13.7927 0.75464
13.7689 0.755535
13.745 0.75643
13.721 0.757325
13.6969 0.75822
13.6726 0.759115
13.6482 0.76001
13.6236 0.760905
13.599 0.7618
13.5742 0.762695
13.5492 0.76359
13.5241 0.764485
13.4989 0.76538
13.4736 0.766275
13.4481 0.76717
13.4225 0.768065
13.3968 0.76896
13.3709 0.769855
13.3448 0.77075
13.3187 0.771645
13.2924 0.77254
13.2659 0.773435
13.2393 0.77433
13.2125 0.775225
13.1856 0.77612
13.1585 0.777015
13.1313 0.77791
13.1039 0.778805
13.0764 0.7797
13.0486 0.780595
13.0207 0.78149
12.9927 0.782385
12.9644 0.78328
12.936 0.784175
12.9074 0.78507
12.8786 0.785965
12.8497 0.78686
12.8205 0.787755
12.7912 0.78865
12.7616 0.789545
12.7319 0.79044
12.702 0.791335
12.6719 0.79223
12.6415 0.793125
12.611 0.79402
12.5802 0.794915
12.5493 0.79581
12.5181 0.796705
12.4867 0.7976
12.4551 0.798495
12.4233 0.79939
12.3913 0.800285
12.359 0.80118
12.3265 0.802075
12.2938 0.80297
12.2608 0.803865
12.2276 0.80476
12.1941 0.805655
12.1605 0.80655
12.1265 0.807445
12.0924 0.80834
12.0579 0.809235
12.0233 0.81013
11.9883 0.811025
11.9532 0.81192
11.9177 0.812815
11.882 0.81371
11.846 0.814605
11.8098 0.8155
11.7733 0.816395
11.7365 0.81729
11.6995 0.818185
11.6621 0.81908
11.6245 0.819975
11.5866 0.82087
11.5484 0.821765
11.51 0.82266
11.4712 0.823555
11.4322 0.82445
11.3928 0.825345
11.3532 0.82624
11.3132 0.827135
11.273 0.82803
11.2324 0.828925
11.1916 0.82982
11.1504 0.830715
11.1089 0.83161
11.0672 0.832505
11.0251 0.8334
10.9828 0.834295
10.9402 0.83519
10.8973 0.836085
10.8541 0.83698
10.8107 0.837875
10.7671 0.83877
10.7232 0.839665
10.6791 0.84056
10.6348 0.841455
10.5902 0.84235
10.5455 0.843245
10.5006 0.84414
10.4554 0.845035
10.4101 0.84593
10.3646 0.846825
10.3189 0.84772
10.2731 0.848615
10.2271 0.84951
10.181 0.850405
10.1348 0.8513
10.0884 0.852195
10.0419 0.85309
9.99523 0.853985
9.9485 0.85488
9.90167 0.855775
9.85474 0.85667
9.80773 0.857565
9.76064 0.85846
9.71349 0.859355
9.66627 0.86025
9.619 0.861145
9.57168 0.86204
9.52432 0.862935
9.47693 0.86383
9.42952 0.864725
9.38209 0.86562
9.33465 0.866515
9.28721 0.86741
9.23978 0.868305
9.19237 0.8692
9.14497 0.870095
9.09763 0.87099
9.05043 0.871885
9.0035 0.87278
8.95693 0.873675
8.91083 0.87457
8.86532 0.875465
8.82049 0.87636
8.77647 0.877255
8.73335 0.87815
8.69125 0.879045
8.65028 0.87994
8.61053 0.880835
8.57213 0.88173
8.53518 0.882625
8.49979 0.88352
8.46607 0.884415
8.43412 0.88531
8.40405 0.886205
8.37598 0.8871
8.35 0.887995
8.32624 0.88889
8.30479 0.889785
8.28576 0.89068
8.26906 0.891575
8.25455 0.89247
8.2421 0.893365
8.23154 0.89426
8.22275 0.895155
8.21556 0.89605
8.20983 0.896945
8.20542 0.89784
8.20219 0.898735
8.19997 0.89963
8.19863 0.900525
8.19803 0.90142
8.19801 0.902315
8.19843 0.90321
8.19914 0.904105
