Iteration	CPUTime	PhysTime	Travels	Value	AvValue	MinValue	MaxValue	Delta	Criteria	Progress	dGMaxMin	CriteriaType	CriteriaVarType	CriteriaPercentage
1	20	0	0.00672500434	7.16571785	7.16571785	7.16571785	7.16571785	0	0	0	0	0	0	0	3
2	23	0	0.0134500087	4.45308595	5.8094019	4.45308595	7.16571785	1.35631595	0	0	0	0	0	0	3
3	26	0	0.020175013	11.7965373	7.80511371	4.45308595	11.7965373	1.99571181	0	0	0	0	0	0	3
4	29	0	0.0269000174	4.86539392	7.07018376	4.45308595	11.7965373	1.99571181	0	0	0	0	0	0	3
5	31	0	0.0336250217	7.53673074	7.16349316	4.45308595	11.7965373	1.99571181	0	0	0	0	0	0	3
6	34	0	0.040350026	8.20494653	7.33706872	4.45308595	11.7965373	1.99571181	0	0	0	0	0	0	3
7	36	0	0.0470750304	3.55967894	6.79744161	3.55967894	11.7965373	1.99571181	0	0	0	0	0	0	3
8	39	0	0.0538000347	12.7958082	7.54723743	3.55967894	12.7958082	1.99571181	0	0	0	0	0	0	3
9	41	0	0.0605250391	-0.09445336	6.69816067	-0.09445336	12.7958082	1.99571181	0	0	0	0	0	0	3
10	44	0	0.0672500434	17.2608424	7.75442884	-0.09445336	17.2608424	1.99571181	0	0	0	0	0	0	3
11	47	0	0.0739750477	-1.64694968	6.89975807	-1.64694968	17.2608424	1.99571181	0	0	0	0	0	0	3
12	49	0	0.0807000521	18.4054195	7.85856319	-1.64694968	18.4054195	2.04916129	0	0	0	0	0	0	3
13	52	0	0.0874250564	-4.34886386	6.91953034	-4.34886386	18.4054195	2.04916129	0	0	0	0	0	0	3
14	54	0	0.0941500608	19.5139481	7.81913161	-4.34886386	19.5139481	2.04916129	0	0	0	0	0	0	3
15	57	0	0.100875065	-4.29294006	7.01166016	-4.34886386	19.5139481	2.04916129	0	0	0	0	0	0	3
16	59	0	0.107600069	15.7641185	7.55868881	-4.34886386	19.5139481	2.04916129	0	0	0	0	0	0	3
17	62	0	0.114325074	0.613648283	7.15015701	-4.34886386	19.5139481	2.04916129	0	0	0	0	0	0	3
18	64	0	0.121050078	12.2594323	7.43400564	-4.34886386	19.5139481	2.04916129	0	0	0	0	0	0	3
19	67	0	0.127775082	5.50530825	7.33249525	-4.34886386	19.5139481	2.04916129	0	0	0	0	0	0	3
20	69	0	0.134500087	9.46828111	7.43928455	-4.34886386	19.5139481	2.04916129	0	0	0	0	0	0	3
21	72	0	0.141225091	7.28449074	7.43191341	-4.34886386	19.5139481	2.04916129	0	0	0	0	0	0	3
22	74	0	0.147950095	8.43743537	7.47761896	-4.34886386	19.5139481	2.04916129	0	0	0	0	0	0	3
23	76	0	0.1546751	7.88730366	7.49543134	-4.34886386	19.5139481	2.04916129	0	0	0	0	0	0	3
24	79	0	0.161400104	8.26291266	7.52740972	-4.34886386	19.5139481	2.04916129	0	0	0	0	0	0	3
25	81	0	0.168125109	8.09414922	7.5500793	-4.34886386	19.5139481	2.04916129	0	0	0	0	0	0	3
26	83	0	0.174850113	8.14273006	7.57287356	-4.34886386	19.5139481	2.04916129	0	0	0	0	0	0	3
27	86	0	0.181575117	8.16177943	7.59468489	-4.34886386	19.5139481	2.04916129	0	0	0	0	0	0	3
28	88	0	0.188300122	8.14512884	7.6143436	-4.34886386	19.5139481	2.04916129	0	0	0	0	0	0	3
29	91	0	0.195025126	8.06323123	7.62982249	-4.34886386	19.5139481	2.04916129	0	0	0	0	0	0	3
30	93	0	0.20175013	7.9973999	7.64207507	-4.34886386	19.5139481	2.04916129	0	0	0	0	0	0	3
31	96	0	0.208475135	7.9830478	7.65307419	-4.34886386	19.5139481	2.04916129	0	0	0	0	0	0	3
32	98	0	0.215200139	8.04682317	7.66537884	-4.34886386	19.5139481	2.04916129	0	0	0	0	0	0	3
33	101	0	0.221925143	8.17783644	7.68090786	-4.34886386	19.5139481	2.04916129	0	0	0	0	0	0	3
34	103	0	0.228650148	8.27506669	7.69838312	-4.34886386	19.5139481	2.04916129	0	0	0	0	0	0	3
35	105	0	0.235375152	8.46977175	7.7204228	-4.34886386	19.5139481	2.04916129	0	0	0	0	0	0	3
36	108	0	0.242100156	8.6044631	7.74497947	-4.34886386	19.5139481	2.04916129	0	0	0	0	0	0	3
37	111	0	0.248825161	8.79106433	7.77325204	-4.34886386	19.5139481	2.04916129	0	0	0	0	0	0	3
38	113	0	0.255550165	8.93874002	7.80392277	-4.34886386	19.5139481	2.04916129	0	0	0	0	0	0	3
39	116	0	0.262275169	9.06568057	7.83627554	-4.34886386	19.5139481	2.04916129	0	0	0	0	0	0	3
40	118	0	0.269000174	9.13286111	7.86869018	-4.34886386	19.5139481	2.05928828	0	0	0	0	0	0	3
41	121	0	0.275725178	9.24733267	7.9023156	-4.34886386	19.5139481	2.0929137	0	0	0	0	0	0	3
42	124	0	0.282450182	9.33217205	7.9363598	-4.34886386	19.5139481	2.12695791	0	0	0	0	0	0	3
43	127	0	0.289175187	9.43356841	7.97117861	-4.34886386	19.5139481	2.16177671	0	0	0	0	0	0	3
44	129	0	0.295900191	9.50767783	8.00609905	-4.34886386	19.5139481	2.19669715	0	0	0	0	0	0	3
45	132	0	0.302625195	9.5890394	8.0412755	-4.34886386	19.5139481	2.2318736	0	0	0	0	0	0	3
46	134	0	0.3093502	9.67593785	8.07681164	-4.34886386	19.5139481	2.26740974	0	0	0	0	0	0	3
47	137	0	0.316075204	9.81768573	8.11385151	-4.34886386	19.5139481	2.30444961	0	0	0	0	0	0	3
48	139	0	0.322800208	9.96549935	8.15242751	-4.34886386	19.5139481	2.34302561	0	0	0	0	0	0	3
49	142	0	0.329525213	10.1316753	8.19282032	-4.34886386	19.5139481	2.38341842	0	0	0	0	0	0	3
50	144	0	0.336250217	10.3098027	8.23515997	-4.34886386	19.5139481	2.42575807	0	0	0	0	0	0	3
51	147	0	0.342975221	10.388093	8.27737434	-4.34886386	19.5139481	2.46797244	0	0	0	0	0	0	3
52	149	0	0.349700226	10.4730397	8.31959867	-4.34886386	19.5139481	2.51019677	0	0	0	0	0	0	3
53	152	0	0.35642523	10.5687611	8.3620357	-4.34886386	19.5139481	2.5526338	0	0	0	0	0	0	3
54	154	0	0.363150234	10.6411641	8.40424178	-4.34886386	19.5139481	2.59483988	0	0	0	0	0	0	3
55	156	0	0.369875239	10.7121131	8.44620308	-4.34886386	19.5139481	2.63680118	0	0	0	0	0	0	3
56	159	0	0.376600243	10.689236	8.48625724	-4.34886386	19.5139481	2.67685534	0	0	0	0	0	0	3
57	161	0	0.383325247	10.6558707	8.52432063	-4.34886386	19.5139481	2.71491873	0	0	0	0	0	0	3
58	164	0	0.390050252	10.5865398	8.55987613	-4.34886386	19.5139481	2.75047424	0	0	0	0	0	0	3
59	166	0	0.396775256	10.4867293	8.59253466	-4.34886386	19.5139481	2.78313276	0	0	0	0	0	0	3
60	169	0	0.40350026	10.3403509	8.62166493	-4.34886386	19.5139481	2.81226303	0	0	0	0	0	0	3
61	171	0	0.410225265	10.1538145	8.64678214	-4.34886386	19.5139481	2.83738024	0	0	0	0	0	0	3
62	174	0	0.416950269	9.90218558	8.66703058	-4.34886386	19.5139481	2.85762868	0	0	0	0	0	0	3
63	176	0	0.423675273	9.6594943	8.68278397	-4.34886386	19.5139481	2.87338208	0	0	0	0	0	0	3
64	179	0	0.430400278	9.41296222	8.69419301	-4.34886386	19.5139481	2.88479111	0	0	0	0	0	0	3
65	181	0	0.437125282	9.18688428	8.70177288	-4.34886386	19.5139481	2.89237098	0	0	0	0	0	0	3
66	184	0	0.443850286	8.90873519	8.70490867	-4.34886386	19.5139481	2.89550677	0	0	0	0	0	0	3
67	186	0	0.450575291	8.68023919	8.70454047	-4.34886386	19.5139481	2.89550677	0	0	0	0	0	0	3
68	189	0	0.457300295	8.52199703	8.701856	-4.34886386	19.5139481	2.89550677	0	0	0	0	0	0	3
69	191	0	0.464025299	8.42373105	8.69782521	-4.34886386	19.5139481	2.89550677	0	0	0	0	0	0	3
70	194	0	0.470750304	8.36086828	8.69301154	-4.34886386	19.5139481	2.89550677	0	0	0	0	0	0	3
71	196	0	0.477475308	8.28694107	8.68729224	-4.34886386	19.5139481	2.89550677	0	0	0	0	0	0	3
72	199	0	0.484200313	8.23892569	8.68106492	-4.34886386	19.5139481	2.89550677	0	0	0	0	0	0	3
73	201	0	0.490925317	8.2025735	8.67451025	-4.34886386	19.5139481	2.89550677	0	0	0	0	0	0	3
74	204	0	0.497650321	8.15676412	8.66751368	-4.34886386	19.5139481	2.89550677	0	0	0	0	0	0	3
75	206	0	0.504375326	8.09689782	8.65990546	-4.34886386	19.5139481	2.89550677	0	0	0	0	0	0	3
76	209	0	0.51110033	7.99080401	8.67090661	-4.34886386	19.5139481	2.89550677	0	0	0	0	0	0	3
77	211	0	0.517825334	7.87919362	8.71658805	-4.34886386	19.5139481	2.01842738	0	0	0	0	0	0	3
78	213	0	0.524550339	7.76748783	8.66286739	-4.34886386	19.5139481	2.01842738	0	0	0	0	0	0	3
79	216	0	0.531275343	7.67048708	8.70026863	-4.34886386	19.5139481	2.01842738	0	0	0	0	0	0	3
80	218	0	0.538000347	7.57436544	8.70077043	-4.34886386	19.5139481	2.01842738	0	0	0	0	0	0	3
81	221	0	0.544725352	7.49922444	8.6913608	-4.34886386	19.5139481	2.01842738	0	0	0	0	0	0	3
82	223	0	0.551450356	7.4450742	8.74316607	-4.34886386	19.5139481	2.0450054	0	0	0	0	0	0	3
83	226	0	0.55817536	7.41692325	8.6714476	-4.34886386	19.5139481	2.0450054	0	0	0	0	0	0	3
84	228	0	0.564900365	7.41704459	8.77160091	-4.34886386	19.5139481	1.87184284	0	0	0	0	0	0	3
85	230	0	0.571625369	7.43107579	8.64053736	-4.34886386	19.5139481	1.87184284	0	0	0	0	0	0	3
86	233	0	0.578350373	7.39231627	8.7610609	-4.34886386	19.5139481	1.85207057	0	0	0	0	0	0	3
87	235	0	0.585075378	7.36044649	8.61379459	-4.34886386	19.5139481	1.85207057	0	0	0	0	0	0	3
88	238	0	0.591800382	7.3524697	8.76981238	-4.29294006	19.5139481	1.75994075	0	0	0	0	0	0	3
89	240	0	0.598525386	7.34904049	8.60761361	-4.29294006	15.7641185	1.75994075	0	0	0	0	0	0	3
90	243	0	0.605250391	7.34039897	8.76272479	0.613648283	15.7641185	1.6214439	0	0	0	0	0	0	3
91	245	0	0.611975395	7.27830154	8.64958057	0.613648283	12.2594323	1.6214439	0	0	0	0	0	0	3
92	247	0	0.618700399	7.22649618	8.73775187	5.50530825	12.2594323	1.43910566	0	0	0	0	0	0	3
93	250	0	0.625425404	7.18857692	8.67014047	5.50530825	10.7121131	1.43910566	0	0	0	0	0	0	3
94	252	0	0.632150408	7.14819336	8.6920456	7.14819336	10.7121131	1.3396875	0	0	0	0	0	0	3
95	255	0	0.638875412	7.11161197	8.66062335	7.11161197	10.7121131	1.3396875	0	0	0	0	0	0	3
96	257	0	0.645600417	7.09434947	8.65808813	7.09434947	10.7121131	1.29398195	0	0	0	0	0	0	3
97	260	0	0.652325421	7.07949596	8.63998227	7.07949596	10.7121131	1.27616957	0	0	0	0	0	0	3
98	262	0	0.659050425	7.0626615	8.62898704	7.0626615	10.7121131	1.24419119	0	0	0	0	0	0	3
99	264	0	0.66577543	7.04550688	8.61275497	7.04550688	10.7121131	1.22152161	0	0	0	0	0	0	3
100	267	0	0.672500434	7.03081853	8.59857722	7.03081853	10.7121131	1.19872735	0	0	0	0	0	0	3
101	272	0	0.679225438	6.96955832	8.58293493	6.96955832	10.7121131	1.17691602	0	0	0	0	0	0	3
102	274	0	0.685950443	6.92781824	8.56648212	6.92781824	10.7121131	1.15725731	0	0	0	0	0	0	3
103	277	0	0.692675447	6.8945406	8.54980761	6.8945406	10.7121131	1.14177842	0	0	0	0	0	0	3
104	279	0	0.699400451	6.87877853	8.53401491	6.87877853	10.7121131	1.12952584	0	0	0	0	0	0	3
105	281	0	0.706125456	6.87042651	8.51898859	6.87042651	10.7121131	1.11852672	0	0	0	0	0	0	3
106	284	0	0.71285046	6.82178129	8.50350504	6.82178129	10.7121131	1.10622207	0	0	0	0	0	0	3
107	286	0	0.719575464	6.79857268	8.4868617	6.79857268	10.7121131	1.09069305	0	0	0	0	0	0	3
108	289	0	0.726300469	6.79986815	8.46848879	6.79857268	10.7121131	1.07321779	0	0	0	0	0	0	3
109	291	0	0.733025473	6.8040386	8.44887508	6.79857268	10.7121131	1.05117811	0	0	0	0	0	0	3
110	294	0	0.739750477	6.80983847	8.42674264	6.79857268	10.7121131	1.02662144	0	0	0	0	0	0	3
111	296	0	0.746475482	6.81606399	8.40289732	6.79857268	10.7121131	0.998348874	0	0	0	0	0	0	3
112	298	0	0.753200486	6.80885623	8.37646788	6.79857268	10.7121131	0.967678138	0	0	0	0	0	0	3
113	301	0	0.75992549	6.82899468	8.34833794	6.79857268	10.7121131	0.935325374	0	0	0	0	0	0	3
114	303	0	0.766650495	6.84260276	8.3186969	6.79857268	10.7121131	0.902910735	0	0	0	0	0	0	3
115	306	0	0.773375499	6.86887889	8.28851047	6.79857268	10.7121131	0.869285308	0	0	0	0	0	0	3
116	308	0	0.780100504	6.8673152	8.2567769	6.79857268	10.7121131	0.835241107	0	0	0	0	0	0	3
117	311	0	0.786825508	6.86977295	8.22394492	6.79857268	10.7121131	0.800422302	0	0	0	0	0	0	3
118	313	0	0.793550512	6.87463256	8.18982577	6.79857268	10.7121131	0.765501865	0	0	0	0	0	0	3
119	315	0	0.800275517	6.90662637	8.15514509	6.79857268	10.7121131	0.730325412	0	0	0	0	0	0	3
120	318	0	0.807000521	6.92483956	8.11962242	6.79857268	10.7121131	0.694789274	0	0	0	0	0	0	3
121	320	0	0.813725525	6.91699009	8.08283645	6.79857268	10.7121131	0.68876446	0	0	0	0	0	0	3
122	323	0	0.82045053	6.93136871	8.04435222	6.79857268	10.7121131	0.727248687	0	0	0	0	0	0	3
123	325	0	0.827175534	6.95243401	8.00417802	6.79857268	10.7121131	0.767422891	0	0	0	0	0	0	3
124	327	0	0.833900538	6.95786618	7.96186056	6.79857268	10.7121131	0.809740346	0	0	0	0	0	0	3
125	330	0	0.840625543	6.96962469	7.91732486	6.79857268	10.7121131	0.854276053	0	0	0	0	0	0	3
126	332	0	0.847350547	6.96485858	7.87168173	6.79857268	10.7121131	0.899919178	0	0	0	0	0	0	3
127	335	0	0.854075551	6.96807328	7.82494885	6.79857268	10.7121131	0.946652063	0	0	0	0	0	0	3
128	337	0	0.860800556	6.98030922	7.77710282	6.79857268	10.7121131	0.994498087	0	0	0	0	0	0	3
129	340	0	0.86752556	6.99522129	7.72849025	6.79857268	10.7121131	1.04311066	0	0	0	0	0	0	3
130	342	0	0.874250564	7.00246151	7.67902823	6.79857268	10.689236	1.09257268	0	0	0	0	0	0	3
131	344	0	0.880975569	6.99788034	7.62981015	6.79857268	10.6558707	1.14179076	0	0	0	0	0	0	3
132	347	0	0.887700573	6.99014474	7.58093381	6.79857268	10.5865398	1.1906671	0	0	0	0	0	0	3
133	349	0	0.894425577	6.98683016	7.53293768	6.79857268	10.4867293	1.23866323	0	0	0	0	0	0	3
134	352	0	0.901150582	6.9885913	7.48629584	6.79857268	10.3403509	1.28530507	0	0	0	0	0	0	3
135	354	0	0.907875586	6.99290129	7.44166318	6.79857268	10.1538145	1.32993773	0	0	0	0	0	0	3
136	357	0	0.91460059	6.93695377	7.3987717	6.79857268	9.90218558	1.37282921	0	0	0	0	0	0	3
137	359	0	0.921325595	6.8881825	7.35858499	6.79857268	9.6594943	1.41301592	0	0	0	0	0	0	3
138	362	0	0.928050599	6.8627963	7.32129569	6.79857268	9.41296222	1.45030522	0	0	0	0	0	0	3
139	364	0	0.934775603	6.84220409	7.28701891	6.79857268	9.18688428	1.484582	0	0	0	0	0	0	3
140	366	0	0.941500608	6.82815956	7.25556925	6.79857268	8.90873519	1.51603166	0	0	0	0	0	0	3
141	369	0	0.948225612	6.81073378	7.2275959	6.79857268	8.68023919	1.54400501	0	0	0	0	0	0	3
142	371	0	0.954950616	6.81580424	7.20273676	6.79857268	8.52199703	1.56886415	0	0	0	0	0	0	3
143	374	0	0.961675621	6.83581606	7.18025435	6.79857268	8.42373105	1.59134656	0	0	0	0	0	0	3
144	376	0	0.968400625	6.85625431	7.15935466	6.79857268	8.36086828	1.56229561	0	0	0	0	0	0	3
145	379	0	0.975125629	6.88101941	7.13962334	6.79857268	8.28694107	1.48836839	0	0	0	0	0	0	3
146	381	0	0.981850634	6.8956201	7.1210724	6.79857268	8.23892569	1.44035301	0	0	0	0	0	0	3
147	384	0	0.988575638	6.90196076	7.1032462	6.79857268	8.2025735	1.40400083	0	0	0	0	0	0	3
148	386	0	0.995300642	6.89818603	7.08585436	6.79857268	8.15676412	1.35819145	0	0	0	0	0	0	3
149	389	0	1.00202565	6.88980113	7.06896152	6.79857268	8.09689782	1.29832514	0.715884359	0	55.1	0	0	0	3
150	392	0	1.00875065	6.85820633	7.05244564	6.79857268	7.99080401	1.19223134	0.715884359	0	60	0	0	0	3
151	394	0	1.01547566	6.83062745	7.03697662	6.79857268	7.87919362	1.08062095	0.715884359	0	66.2	0	0	0	3
152	397	0	1.02220066	6.8497211	7.02325032	6.79857268	7.76748783	0.968915156	0.715884359	0	73.8	0	0	0	3
153	399	0	1.02892566	6.84894157	7.01100303	6.79857268	7.67048708	0.871914401	0.715884359	0	82.1	0	0	0	3
154	402	0	1.03565067	6.89653498	7.00068367	6.79857268	7.57436544	0.775792765	0.715884359	0	92.2	0	0	0	3
155	404	0	1.04237567	6.91653553	6.99191261	6.79857268	7.49922444	0.700651767	0.715884359	0	100	0	0	0	3
