 1.0000000     0.0000000
 0.9902595     0.0015109
 0.9708239     0.0049868
 0.9483799     0.0093724
 0.9249725     0.0141318
 0.9012745     0.0189947
 0.8776268     0.0238144
 0.8540854     0.0285237
 0.8306150     0.0330855
 0.8071724     0.0374809
 0.7837285     0.0417002
 0.7602689     0.0457380
 0.7367851     0.0495926
 0.7132662     0.0532649
 0.6897093     0.0567587
 0.6661255     0.0600746
 0.6425234     0.0632102
 0.6189003     0.0661641
 0.5952569     0.0689358
 0.5716059     0.0715216
 0.5479592     0.0739130
 0.5243184     0.0761017
 0.5006821     0.0780801
 0.4770532     0.0798398
 0.4534382     0.0813707
 0.4298469     0.0826615
 0.4062883     0.0836978
 0.3827663     0.0844644
 0.3592862     0.0849451
 0.3358622     0.0851225
 0.3125144     0.0849739
 0.2892600     0.0844738
 0.2661156     0.0835935
 0.2431019     0.0823015
 0.2202656     0.0805594
 0.1976819     0.0783244
 0.1753699     0.0755348
 0.1533103     0.0721360
 0.1316285     0.0680989
 0.1105611     0.0633688
 0.0903025     0.0578674
 0.0709460     0.0514935
 0.0528964     0.0443036
 0.0369705     0.0365656
 0.0242030     0.0289310
 0.0151480     0.0221682
 0.0091483     0.0165185
 0.0052926     0.0119212
 0.0028135     0.0080719
 0.0012200     0.0046615
 0.0002795     0.0015937
 0	       0
 0	       0
 0.0001171    -0.0010651
 0.0009395    -0.0033566
 0.0029049    -0.0054297
 0.0061425    -0.0074511
 0.0109251    -0.0094073
 0.0179338    -0.0112066
 0.0280646    -0.0132187
 0.0429662    -0.0152815
 0.0625757    -0.0168872
 0.0844544    -0.0179696
 0.1072546    -0.0185378
 0.1306199    -0.0187260
 0.1542479    -0.0186342
 0.1780165    -0.0183251
 0.2019101    -0.0178429
 0.2259134    -0.0172266
 0.2500008    -0.0165121
 0.2741394    -0.0157236
 0.2983025    -0.0148763
 0.3224755    -0.0139787
 0.3466623    -0.0130346
 0.3708753    -0.0120508
 0.3951108    -0.0110373
 0.4193505    -0.0100002
 0.4435895    -0.0089401
 0.4678418    -0.0078589
 0.4921164    -0.0067639
 0.5164039    -0.0056633
 0.5406851    -0.0045657
 0.5649427    -0.0034794
 0.5891689    -0.0024146
 0.6133752    -0.0013813
 0.6375829    -0.0003836
 0.6617893     0.0005785
 0.6859649     0.0014983
 0.7100918     0.0023590
 0.7341781     0.0031445
 0.7582289     0.0038412
 0.7822290     0.0044338
 0.8061701     0.0049019
 0.8300644     0.0052245
 0.8538801     0.0053795
 0.8775338     0.0053308
 0.9010541     0.0050232
 0.9244893     0.0044249
 0.9476649     0.0035144
 0.9703057     0.0022746
 0.9901036     0.0008677
 1.0000000     0.0000000
