Iteration	CPUTime	PhysTime	Travels	Value	AvValue	MinValue	MaxValue	Delta	Criteria	Progress	dGMaxMin	CriteriaType	CriteriaVarType	CriteriaPercentage
1	14	0	0.0071108881	287.500018	287.500018	287.500018	287.500018	0	0	0	0	0.17862	0	0	3
2	17	0	0.0142217762	287.500015	287.500016	287.500015	287.500018	1.42369555e-06	0	0	0	0.183341	0	0	3
3	19	0	0.0213326643	287.500015	287.500016	287.500015	287.500018	1.66411354e-06	0	0	0	0.183994	0	0	3
4	21	0	0.0284435524	287.500014	287.500015	287.500014	287.500018	2.04773653e-06	0	0	0	0.180354	0	0	3
5	23	0	0.0355544405	287.500014	287.500015	287.500014	287.500018	2.26282219e-06	0	0	0	0.180685	0	0	3
6	26	0	0.0426653286	287.500013	287.500015	287.500013	287.500018	2.58674351e-06	0	0	0	0.175522	0	0	3
7	28	0	0.0497762167	287.500013	287.500015	287.500013	287.500018	2.89408308e-06	0	0	0	0.176562	0	0	3
8	30	0	0.0568871048	287.500012	287.500014	287.500012	287.500018	3.23604831e-06	0	0	0	0.176401	0	0	3
9	32	0	0.0639979929	287.500011	287.500014	287.500011	287.500018	3.55975726e-06	0	0	0	0.177022	0	0	3
10	34	0	0.071108881	287.500011	287.500014	287.500011	287.500018	3.87502575e-06	0	0	0	0.176828	0	0	3
11	36	0	0.0782197691	287.500011	287.500013	287.500011	287.500018	4.13552863e-06	0	0	0	0.177896	0	0	3
12	38	0	0.0853306571	287.500011	287.500013	287.500011	287.500018	4.323469e-06	0	0	0	0.178795	0	0	3
13	41	0	0.0924415452	287.500012	287.500013	287.500011	287.500018	4.42373596e-06	0	0	0	0.183032	0	0	3
14	43	0	0.0995524333	287.500013	287.500013	287.500011	287.500018	4.42868253e-06	0	0	0	0.185681	0	0	3
15	45	0	0.106663321	287.500014	287.500013	287.500011	287.500018	4.42868253e-06	0	0	0	0.188264	0	0	3
16	47	0	0.11377421	287.500017	287.500013	287.500011	287.500018	4.42868253e-06	0	0	0	0.189752	0	0	3
17	49	0	0.120885098	287.50002	287.500014	287.500011	287.50002	4.42868253e-06	0	0	0	0.190728	0	0	3
18	51	0	0.127995986	287.500024	287.500014	287.500011	287.500024	4.42868253e-06	0	0	0	0.190077	0	0	3
19	53	0	0.135106874	287.500028	287.500015	287.500011	287.500028	4.42868253e-06	0	0	0	0.189507	0	0	3
20	55	0	0.142217762	287.500032	287.500016	287.500011	287.500032	4.42868253e-06	0	0	0	0.187894	0	0	3
21	57	0	0.14932865	287.500038	287.500017	287.500011	287.500038	4.42868253e-06	0	0	0	0.187493	0	0	3
22	59	0	0.156439538	287.500045	287.500018	287.500011	287.500045	5.21437926e-06	0	0	0	0.186206	0	0	3
23	61	0	0.163550426	287.500051	287.50002	287.500011	287.500051	6.65359619e-06	0	0	0	0.185723	0	0	3
24	63	0	0.170661314	287.500058	287.500021	287.500011	287.500058	8.23722951e-06	0	0	0	0.184913	0	0	3
25	65	0	0.177772202	287.500064	287.500023	287.500011	287.500064	9.9416348e-06	0	0	0	0.18449	0	0	3
26	67	0	0.18488309	287.500073	287.500025	287.500011	287.500073	1.18544878e-05	0	0	0	0.186878	0	0	3
27	69	0	0.191993979	287.500081	287.500027	287.500011	287.500081	1.39443509e-05	0	0	0	0.18686	0	0	3
28	71	0	0.199104867	287.50009	287.500029	287.500011	287.50009	1.6190766e-05	0	0	0	0.186992	0	0	3
29	73	0	0.206215755	287.500099	287.500032	287.500011	287.500099	1.85821248e-05	0	0	0	0.187832	0	0	3
30	75	0	0.213326643	287.500108	287.500034	287.500011	287.500108	2.11117022e-05	0	0	0	0.187805	0	0	3
31	77	0	0.220437531	287.500122	287.500037	287.500011	287.500122	2.39316894e-05	0	0	0	0.188381	0	0	3
32	79	0	0.227548419	287.500136	287.50004	287.500011	287.500136	2.70138942e-05	0	0	0	0.189011	0	0	3
33	82	0	0.234659307	287.500149	287.500043	287.500011	287.500149	3.03112093e-05	0	0	0	0.189532	0	0	3
34	84	0	0.241770195	287.500161	287.500047	287.500011	287.500161	3.37571227e-05	0	0	0	0.189972	0	0	3
35	86	0	0.248881083	287.50017	287.50005	287.500011	287.50017	3.72707699e-05	0	0	0	0.190301	0	0	3
36	88	0	0.255991971	287.500177	287.500054	287.500011	287.500177	4.07911085e-05	0	0	0	0.190333	0	0	3
37	90	0	0.26310286	287.500178	287.500057	287.500011	287.500178	4.41439356e-05	0	0	0	0.190698	0	0	3
38	92	0	0.270213748	287.500174	287.50006	287.500011	287.500178	4.72114279e-05	0	0	0	0.191081	0	0	3
39	94	0	0.277324636	287.500167	287.500063	287.500011	287.500178	4.99467793e-05	0	0	0	0.191413	0	0	3
40	96	0	0.284435524	287.50016	287.500065	287.500011	287.500178	5.23631624e-05	0	0	0	0.191767	0	0	3
41	99	0	0.291546412	287.500152	287.500068	287.500011	287.500178	5.44734147e-05	0	0	0	0.192122	0	0	3
42	101	0	0.2986573	287.500149	287.500069	287.500011	287.500178	5.64023289e-05	0	0	0	0.192488	0	0	3
43	103	0	0.305768188	287.50015	287.500071	287.500011	287.500178	5.82652271e-05	0	0	0	0.192828	0	0	3
44	105	0	0.312879076	287.500154	287.500073	287.500011	287.500178	6.01416473e-05	0	0	0	0.19328	0	0	3
45	107	0	0.319989964	287.50016	287.500075	287.500011	287.500178	6.20708611e-05	0	0	0	0.193627	0	0	3
46	110	0	0.327100852	287.500168	287.500077	287.500011	287.500178	6.4090723e-05	0	0	0	0.194366	0	0	3
47	112	0	0.33421174	287.500176	287.500079	287.500011	287.500178	6.61833708e-05	0	0	0	0.194743	0	0	3
48	114	0	0.341322629	287.500182	287.500081	287.500011	287.500182	6.83261253e-05	0	0	0	0.195143	0	0	3
49	116	0	0.348433517	287.500188	287.500084	287.500011	287.500188	7.04962848e-05	0	0	0	0.195672	0	0	3
50	118	0	0.355544405	287.500192	287.500086	287.500011	287.500192	7.26720983e-05	0	0	0	0.196058	0	0	3
51	120	0	0.362655293	287.500196	287.500088	287.500011	287.500196	7.48287289e-05	0	0	0	0.196245	0	0	3
52	122	0	0.369766181	287.500198	287.50009	287.500011	287.500198	7.69541976e-05	0	0	0	0.196462	0	0	3
53	124	0	0.376877069	287.500201	287.500092	287.500011	287.500201	7.90398487e-05	0	0	0	0.196579	0	0	3
54	126	0	0.383987957	287.500202	287.500094	287.500011	287.500202	8.10771025e-05	0	0	0	0.196796	0	0	3
55	128	0	0.391098845	287.500203	287.500096	287.500011	287.500203	8.30609571e-05	0	0	0	0.196785	0	0	3
56	130	0	0.398209733	287.500205	287.500098	287.500011	287.500205	8.5005491e-05	0	0	0	0.196671	0	0	3
57	132	0	0.405320621	287.500207	287.5001	287.500011	287.500207	8.69097206e-05	0	0	0	0.196506	0	0	3
58	135	0	0.41243151	287.500208	287.500102	287.500011	287.500208	8.87733742e-05	0	0	0	0.19628	0	0	3
59	137	0	0.419542398	287.500209	287.500104	287.500011	287.500209	9.05978115e-05	0	0	0	0.196073	0	0	3
60	139	0	0.426653286	287.500211	287.500105	287.500011	287.500211	9.23843406e-05	0	0	0	0.195786	0	0	3
61	141	0	0.433764174	287.500213	287.500107	287.500011	287.500213	9.41413378e-05	0	0	0	0.195314	0	0	3
62	143	0	0.440875062	287.500214	287.500109	287.500011	287.500214	9.58670482e-05	0	0	0	0.194866	0	0	3
63	145	0	0.44798595	287.500216	287.500111	287.500011	287.500216	9.75623733e-05	0	0	0	0.194531	0	0	3
64	147	0	0.455096838	287.500217	287.500112	287.500011	287.500217	9.92291378e-05	0	0	0	0.1942	0	0	3
65	149	0	0.462207726	287.500219	287.500114	287.500011	287.500219	0.000100868692	0	0	0	0.193923	0	0	3
66	151	0	0.469318614	287.500221	287.500116	287.500011	287.500221	0.000102489616	0	0	0	0.193495	0	0	3
67	153	0	0.476429502	287.500222	287.500117	287.500011	287.500222	0.000104084996	0	0	0	0.193294	0	0	3
68	155	0	0.48354039	287.500224	287.500119	287.500011	287.500224	0.000105649725	0	0	0	0.193229	0	0	3
69	157	0	0.490651279	287.500224	287.50012	287.500011	287.500224	0.000107180245	0	0	0	0.193009	0	0	3
70	159	0	0.497762167	287.500225	287.500122	287.500011	287.500225	0.000108672985	0	0	0	0.192891	0	0	3
71	162	0	0.504873055	287.500226	287.500123	287.500011	287.500226	0.000110146418	0	0	0	0.192427	0	0	3
72	164	0	0.511983943	287.500227	287.500126	287.500011	287.500227	0.000113100131	0	0	0	0.192279	0	0	3
73	166	0	0.519094831	287.500228	287.500129	287.500011	287.500228	0.000116101728	0	0	0	0.192043	0	0	3
74	168	0	0.526205719	287.500228	287.500132	287.500011	287.500228	0.000119101242	0	0	0	0.191918	0	0	3
75	170	0	0.533316607	287.500229	287.500135	287.500011	287.500229	0.000122124776	0	0	0	0.191889	0	0	3
76	172	0	0.540427495	287.50023	287.500138	287.500011	287.50023	0.000125164384	0	0	0	0.191859	0	0	3
77	174	0	0.547538383	287.500231	287.500141	287.500011	287.500231	0.000128231897	0	0	0	0.191613	0	0	3
78	176	0	0.554649271	287.500232	287.500144	287.500011	287.500232	0.000131321398	0	0	0	0.191567	0	0	3
79	178	0	0.56176016	287.500233	287.500148	287.500011	287.500233	0.000134441868	0	0	0	0.191467	0	0	3
80	180	0	0.568871048	287.500235	287.500151	287.500011	287.500235	0.000137592227	0	0	0	0.191457	0	0	3
81	182	0	0.575981936	287.500238	287.500154	287.500011	287.500238	0.000140789	0	0	0	0.191402	0	0	3
82	184	0	0.583092824	287.500239	287.500157	287.500011	287.500239	0.000144008137	0	0	0	0.191463	0	0	3
83	186	0	0.590203712	287.50024	287.50016	287.500012	287.50024	0.000147230778	0	0	0	0.191404	0	0	3
84	188	0	0.5973146	287.50024	287.500164	287.500013	287.50024	0.000150439234	0	0	0	0.19152	0	0	3
85	190	0	0.604425488	287.500239	287.500167	287.500014	287.50024	0.000153524159	0	0	0	0.191323	0	0	3
86	193	0	0.611536376	287.500237	287.50017	287.500017	287.50024	0.000156414928	0	0	0	0.191341	0	0	3
87	195	0	0.618647264	287.500235	287.500173	287.50002	287.50024	0.000159069132	0	0	0	0.191238	0	0	3
88	197	0	0.625758152	287.500232	287.500176	287.500024	287.50024	0.000161478406	0	0	0	0.191318	0	0	3
89	199	0	0.632869041	287.500228	287.500179	287.500028	287.50024	0.000163644999	0	0	0	0.191264	0	0	3
90	201	0	0.639979929	287.500226	287.500182	287.500032	287.50024	0.000165580421	0	0	0	0.191295	0	0	3
91	203	0	0.647090817	287.500225	287.500184	287.500038	287.50024	0.000167226078	0	0	0	0.190884	0	0	3
92	205	0	0.654201705	287.500224	287.500187	287.500045	287.50024	0.000168575449	0	0	0	0.190634	0	0	3
93	207	0	0.661312593	287.500224	287.500189	287.500051	287.50024	0.000169657585	0	0	0	0.190412	0	0	3
94	209	0	0.668423481	287.500224	287.500192	287.500058	287.50024	0.000170505483	0	0	0	0.190372	0	0	3
95	211	0	0.675534369	287.500225	287.500194	287.500064	287.50024	0.000171151074	0	0	0	0.190181	0	0	3
96	213	0	0.682645257	287.500225	287.500196	287.500073	287.50024	0.000167169602	0	0	0	0.189864	0	0	3
97	215	0	0.689756145	287.500225	287.500199	287.500081	287.50024	0.000158564622	0	0	0	0.189562	0	0	3
98	217	0	0.696867033	287.500225	287.500201	287.50009	287.50024	0.000150001439	0	0	0	0.189261	0	0	3
99	219	0	0.703977921	287.500225	287.500203	287.500099	287.50024	0.000141305243	0	0	0	0.189209	0	0	3
100	221	0	0.71108881	287.500225	287.500204	287.500108	287.50024	0.000132375969	0	0	0	0.189049	0	0	3
101	226	0	0.718199698	287.500225	287.500206	287.500122	287.50024	0.000118314108	0	0	0	0.188916	0	0	3
102	228	0	0.725310586	287.500225	287.500207	287.500136	287.50024	0.000104283173	0	0	0	0.18873	0	0	3
103	230	0	0.732421474	287.500224	287.500209	287.500149	287.50024	9.1357601e-05	0	0	0	0.188635	0	0	3
104	232	0	0.739532362	287.500222	287.50021	287.500149	287.50024	9.1357601e-05	0	0	0	0.18849	0	0	3
105	234	0	0.74664325	287.50022	287.500211	287.500149	287.50024	9.1357601e-05	0	0	0	0.188422	0	0	3
106	236	0	0.753754138	287.50022	287.500211	287.500149	287.50024	9.1357601e-05	0	0	0	0.188182	0	0	3
107	238	0	0.760865026	287.500218	287.500212	287.500149	287.50024	9.1357601e-05	0	0	0	0.188127	0	0	3
108	240	0	0.767975914	287.500217	287.500212	287.500149	287.50024	9.1357601e-05	0	0	0	0.188019	0	0	3
109	242	0	0.775086802	287.500216	287.500213	287.500149	287.50024	9.1357601e-05	0	0	0	0.188018	0	0	3
110	244	0	0.782197691	287.500215	287.500214	287.500149	287.50024	9.1357601e-05	0	0	0	0.187839	0	0	3
111	246	0	0.789308579	287.500216	287.500214	287.500149	287.50024	9.1357601e-05	0	0	0	0.188028	0	0	3
112	248	0	0.796419467	287.500216	287.500215	287.500149	287.50024	9.1357601e-05	0	0	0	0.187999	0	0	3
113	250	0	0.803530355	287.500216	287.500216	287.50015	287.50024	9.03384623e-05	0	0	0	0.188053	0	0	3
114	252	0	0.810641243	287.500218	287.500217	287.500154	287.50024	8.60176977e-05	0	0	0	0.188011	0	0	3
115	254	0	0.817752131	287.500219	287.500218	287.50016	287.50024	7.98891477e-05	0	0	0	0.188157	0	0	3
116	256	0	0.824863019	287.50022	287.500219	287.500168	287.50024	7.18609029e-05	0	0	0	0.188154	0	0	3
117	258	0	0.831973907	287.500221	287.50022	287.500176	287.50024	6.44002409e-05	0	0	0	0.188344	0	0	3
118	260	0	0.839084795	287.500221	287.50022	287.500182	287.50024	5.78098274e-05	0	0	0	0.18852	0	0	3
119	262	0	0.846195683	287.500221	287.500221	287.500188	287.50024	5.21814758e-05	0	0	0	0.188533	0	0	3
120	264	0	0.853306571	287.500221	287.500221	287.500192	287.50024	4.75584513e-05	0	0	0	0.188775	0	0	3
121	267	0	0.86041746	287.500222	287.500222	287.500196	287.50024	4.41851531e-05	0	0	0	0.188511	0	0	3
122	269	0	0.867528348	287.500221	287.500222	287.500198	287.50024	4.14923161e-05	0	0	0	0.18865	0	0	3
123	271	0	0.874639236	287.500221	287.500222	287.500201	287.50024	3.93517058e-05	0	0	0	0.188391	0	0	3
124	273	0	0.881750124	287.50022	287.500223	287.500202	287.50024	3.77938585e-05	0	0	0	0.188597	0	0	3
125	275	0	0.888861012	287.500219	287.500223	287.500203	287.50024	3.66563104e-05	0	0	0	0.188312	0	0	3
126	277	0	0.8959719	287.500218	287.500223	287.500205	287.50024	3.48905542e-05	0	0	0	0.188409	0	0	3
127	279	0	0.903082788	287.500217	287.500223	287.500207	287.50024	3.32988397e-05	0	0	0	0.188291	0	0	3
128	281	0	0.910193676	287.500216	287.500224	287.500208	287.50024	3.18437783e-05	0	0	0	0.188327	0	0	3
129	283	0	0.917304564	287.500215	287.500224	287.500209	287.50024	3.0430243e-05	0	0	0	0.188232	0	0	3
130	285	0	0.924415452	287.500215	287.500224	287.500211	287.50024	2.90558517e-05	0	0	0	0.188315	0	0	3
131	287	0	0.931526341	287.500214	287.500224	287.500213	287.50024	2.72842431e-05	0	0	0	0.188419	0	0	3
132	289	0	0.938637229	287.500213	287.500224	287.500213	287.50024	2.71146629e-05	0	0	0	0.188588	0	0	3
133	291	0	0.945748117	287.500212	287.500224	287.500212	287.50024	2.78694627e-05	0	0	0	0.188664	0	0	3
134	293	0	0.952859005	287.500212	287.500224	287.500212	287.50024	2.83325313e-05	0	0	0	0.188755	0	0	3
135	295	0	0.959969893	287.500211	287.500224	287.500211	287.50024	2.85745006e-05	0	0	0	0.188871	0	0	3
136	297	0	0.967080781	287.500213	287.500223	287.500211	287.50024	2.85745006e-05	0	0	0	0.188925	0	0	3
137	299	0	0.974191669	287.500213	287.500223	287.500211	287.50024	2.85745006e-05	0	0	0	0.188847	0	0	3
138	301	0	0.981302557	287.500213	287.500223	287.500211	287.50024	2.85745006e-05	0	0	0	0.189016	0	0	3
139	303	0	0.988413445	287.500213	287.500223	287.500211	287.50024	2.85745006e-05	0	0	0	0.18893	0	0	3
140	305	0	0.995524333	287.500213	287.500223	287.500211	287.50024	2.85745006e-05	0	0	0	0.189123	0	0	3
141	307	0	1.00263522	287.500214	287.500223	287.500211	287.50024	2.85745006e-05	6.87471865e-06	0	0	0.188791	0	0	3
142	310	0	1.00974611	287.500214	287.500223	287.500211	287.50024	2.85745006e-05	6.87471865e-06	0	0	0.188842	0	0	3
143	312	0	1.016857	287.500214	287.500222	287.500211	287.50024	2.85745006e-05	6.87471865e-06	0	0	0.188725	0	0	3
144	314	0	1.02396789	287.500214	287.500222	287.500211	287.50024	2.85745006e-05	6.87471865e-06	0	0	0.188901	0	0	3
145	316	0	1.03107877	287.500213	287.500222	287.500211	287.50024	2.85745006e-05	6.87471865e-06	0	0	0.188837	0	0	3
146	318	0	1.03818966	287.500211	287.500222	287.500211	287.50024	2.8579845e-05	6.87471865e-06	0	0	0.189113	0	0	3
147	320	0	1.04530055	287.50021	287.500221	287.50021	287.50024	2.98466258e-05	6.87471865e-06	0	0	0.189095	0	0	3
148	322	0	1.05241144	287.500209	287.500221	287.500209	287.50024	3.12057808e-05	6.87471865e-06	0	0	0.189261	0	0	3
149	325	0	1.05952233	287.500208	287.500221	287.500208	287.50024	3.21404322e-05	6.87471865e-06	0	0	0.189125	0	0	3
150	327	0	1.06663321	287.500207	287.50022	287.500207	287.50024	3.25633372e-05	6.87471865e-06	0	0	0.189171	0	0	3
151	329	0	1.0737441	287.500206	287.50022	287.500206	287.50024	3.35561889e-05	6.87471865e-06	0	0	0.189001	0	0	3
152	331	0	1.08085499	287.500205	287.50022	287.500205	287.50024	3.48511417e-05	6.87471865e-06	0	0	0.189148	0	0	3
153	333	0	1.08796588	287.500204	287.500219	287.500204	287.50024	3.6104898e-05	6.87471865e-06	0	0	0.189112	0	0	3
154	335	0	1.09507677	287.500203	287.500219	287.500203	287.50024	3.70985192e-05	6.87471865e-06	0	0	0.189375	0	0	3
155	337	0	1.10218765	287.500202	287.500218	287.500202	287.500239	3.68624713e-05	6.87471865e-06	0	0	0.189288	0	0	3
156	339	0	1.10929854	287.500201	287.500218	287.500201	287.500237	3.57394058e-05	6.87471865e-06	0	0	0.18936	0	0	3
157	342	0	1.11640943	287.500201	287.500217	287.500201	287.500235	3.3362903e-05	6.87471865e-06	0	0	0.189132	0	0	3
158	344	0	1.12352032	287.500201	287.500217	287.500201	287.500232	3.04228963e-05	6.87471865e-06	0	0	0.18923	0	0	3
159	346	0	1.13063121	287.500201	287.500216	287.500201	287.500228	2.73343995e-05	6.87471865e-06	0	0	0.189071	0	0	3
160	348	0	1.1377421	287.500201	287.500216	287.500201	287.500226	2.45068787e-05	6.87471865e-06	0	0	0.189226	0	0	3
161	350	0	1.14485298	287.500201	287.500215	287.500201	287.500225	2.43006469e-05	6.87471865e-06	0	0	0.189094	0	0	3
162	352	0	1.15196387	287.500202	287.500215	287.500201	287.500225	2.43006469e-05	6.87471865e-06	0	0	0.189326	0	0	3
163	354	0	1.15907476	287.500202	287.500215	287.500201	287.500225	2.43006469e-05	6.87471865e-06	0	0	0.189263	0	0	3
164	357	0	1.16618565	287.500203	287.500214	287.500201	287.500225	2.43006469e-05	6.87471865e-06	0	0	0.189283	0	0	3
165	359	0	1.17329654	287.500202	287.500214	287.500201	287.500225	2.43006469e-05	6.87471865e-06	0	0	0.189172	0	0	3
166	361	0	1.18040742	287.500202	287.500214	287.500201	287.500225	2.43006469e-05	6.87471865e-06	0	0	0.189225	0	0	3
167	363	0	1.18751831	287.500201	287.500213	287.500201	287.500225	2.48519079e-05	6.87471865e-06	0	0	0.189117	0	0	3
168	365	0	1.1946292	287.500199	287.500213	287.500199	287.500225	2.31211052e-05	6.87471865e-06	0	0	0.189338	0	0	3
169	367	0	1.20174009	287.500198	287.500213	287.500198	287.500225	2.12162411e-05	6.87471865e-06	0	0	0.189217	0	0	3
170	369	0	1.20885098	287.500198	287.500212	287.500198	287.500225	1.94341881e-05	6.87471865e-06	0	0	0.189348	0	0	3
171	372	0	1.21596186	287.500197	287.500212	287.500197	287.500225	1.77743478e-05	6.87471865e-06	0	0	0.189152	0	0	3
172	374	0	1.22307275	287.500196	287.500212	287.500196	287.500225	1.63217365e-05	6.87471865e-06	0	0	0.189196	0	0	3
173	376	0	1.23018364	287.500196	287.500211	287.500196	287.500224	1.50831863e-05	6.87471865e-06	0	0	0.189021	0	0	3
174	378	0	1.23729453	287.500196	287.500211	287.500196	287.500222	1.40522401e-05	6.87471865e-06	0	0	0.189074	0	0	3
