Iteration	CPUTime	PhysTime	Travels	Value	AvValue	MinValue	MaxValue	Delta	Criteria	Progress	dGMaxMin	CriteriaType	CriteriaVarType	CriteriaPercentage
1	14	0	0.0071108881	0	0	0	0	0	0	0	0	0	0	0	3
2	17	0	0.0142217762	0	0	0	0	0	0	0	0	0	0	0	3
3	19	0	0.0213326643	0	0	0	0	0	0	0	0	0	0	0	3
4	21	0	0.0284435524	0	0	0	0	0	0	0	0	0	0	0	3
5	23	0	0.0355544405	0	0	0	0	0	0	0	0	0	0	0	3
6	26	0	0.0426653286	0	0	0	0	0	0	0	0	0	0	0	3
7	28	0	0.0497762167	0	0	0	0	0	0	0	0	0	0	0	3
8	30	0	0.0568871048	0	0	0	0	0	0	0	0	0	0	0	3
9	32	0	0.0639979929	0	0	0	0	0	0	0	0	0	0	0	3
10	34	0	0.071108881	0	0	0	0	0	0	0	0	0	0	0	3
11	36	0	0.0782197691	0	0	0	0	0	0	0	0	0	0	0	3
12	38	0	0.0853306571	0	0	0	0	0	0	0	0	0	0	0	3
13	41	0	0.0924415452	0	0	0	0	0	0	0	0	0	0	0	3
14	43	0	0.0995524333	0	0	0	0	0	0	0	0	0	0	0	3
15	45	0	0.106663321	0	0	0	0	0	0	0	0	0	0	0	3
16	47	0	0.11377421	0	0	0	0	0	0	0	0	0	0	0	3
17	49	0	0.120885098	0	0	0	0	0	0	0	0	0	0	0	3
18	51	0	0.127995986	0	0	0	0	0	0	0	0	0	0	0	3
19	53	0	0.135106874	0	0	0	0	0	0	0	0	0	0	0	3
20	55	0	0.142217762	0	0	0	0	0	0	0	0	0	0	0	3
21	57	0	0.14932865	0	0	0	0	0	0	0	0	0	0	0	3
22	59	0	0.156439538	0	0	0	0	0	0	0	0	0	0	0	3
23	61	0	0.163550426	0	0	0	0	0	0	0	0	0	0	0	3
24	63	0	0.170661314	0	0	0	0	0	0	0	0	0	0	0	3
25	65	0	0.177772202	0	0	0	0	0	0	0	0	0	0	0	3
26	67	0	0.18488309	0	0	0	0	0	0	0	0	0	0	0	3
27	69	0	0.191993979	0	0	0	0	0	0	0	0	0	0	0	3
28	71	0	0.199104867	0	0	0	0	0	0	0	0	0	0	0	3
29	73	0	0.206215755	0	0	0	0	0	0	0	0	0	0	0	3
30	75	0	0.213326643	0	0	0	0	0	0	0	0	0	0	0	3
31	77	0	0.220437531	0	0	0	0	0	0	0	0	0	0	0	3
32	79	0	0.227548419	0	0	0	0	0	0	0	0	0	0	0	3
33	82	0	0.234659307	0	0	0	0	0	0	0	0	0	0	0	3
34	84	0	0.241770195	0	0	0	0	0	0	0	0	0	0	0	3
35	86	0	0.248881083	0	0	0	0	0	0	0	0	0	0	0	3
36	88	0	0.255991971	0	0	0	0	0	0	0	0	0	0	0	3
37	90	0	0.26310286	0	0	0	0	0	0	0	0	0	0	0	3
38	92	0	0.270213748	0	0	0	0	0	0	0	0	0	0	0	3
39	94	0	0.277324636	0	0	0	0	0	0	0	0	0	0	0	3
40	96	0	0.284435524	0	0	0	0	0	0	0	0	0	0	0	3
41	99	0	0.291546412	0	0	0	0	0	0	0	0	0	0	0	3
42	101	0	0.2986573	0	0	0	0	0	0	0	0	0	0	0	3
43	103	0	0.305768188	0	0	0	0	0	0	0	0	0	0	0	3
44	105	0	0.312879076	0	0	0	0	0	0	0	0	0	0	0	3
45	107	0	0.319989964	0	0	0	0	0	0	0	0	0	0	0	3
46	110	0	0.327100852	0	0	0	0	0	0	0	0	0	0	0	3
47	112	0	0.33421174	0	0	0	0	0	0	0	0	0	0	0	3
48	114	0	0.341322629	0	0	0	0	0	0	0	0	0	0	0	3
49	116	0	0.348433517	0	0	0	0	0	0	0	0	0	0	0	3
50	118	0	0.355544405	0	0	0	0	0	0	0	0	0	0	0	3
51	120	0	0.362655293	0	0	0	0	0	0	0	0	0	0	0	3
52	122	0	0.369766181	0	0	0	0	0	0	0	0	0	0	0	3
53	124	0	0.376877069	0	0	0	0	0	0	0	0	0	0	0	3
54	126	0	0.383987957	0	0	0	0	0	0	0	0	0	0	0	3
55	128	0	0.391098845	0	0	0	0	0	0	0	0	0	0	0	3
56	130	0	0.398209733	0	0	0	0	0	0	0	0	0	0	0	3
57	132	0	0.405320621	0	0	0	0	0	0	0	0	0	0	0	3
58	135	0	0.41243151	0	0	0	0	0	0	0	0	0	0	0	3
59	137	0	0.419542398	0	0	0	0	0	0	0	0	0	0	0	3
60	139	0	0.426653286	0	0	0	0	0	0	0	0	0	0	0	3
61	141	0	0.433764174	0	0	0	0	0	0	0	0	0	0	0	3
62	143	0	0.440875062	0	0	0	0	0	0	0	0	0	0	0	3
63	145	0	0.44798595	0	0	0	0	0	0	0	0	0	0	0	3
64	147	0	0.455096838	0	0	0	0	0	0	0	0	0	0	0	3
65	149	0	0.462207726	0	0	0	0	0	0	0	0	0	0	0	3
66	151	0	0.469318614	0	0	0	0	0	0	0	0	0	0	0	3
67	153	0	0.476429502	0	0	0	0	0	0	0	0	0	0	0	3
68	155	0	0.48354039	0	0	0	0	0	0	0	0	0	0	0	3
69	157	0	0.490651279	0	0	0	0	0	0	0	0	0	0	0	3
70	159	0	0.497762167	0	0	0	0	0	0	0	0	0	0	0	3
71	162	0	0.504873055	0	0	0	0	0	0	0	0	0	0	0	3
72	164	0	0.511983943	0	0	0	0	0	0	0	0	0	0	0	3
73	166	0	0.519094831	0	0	0	0	0	0	0	0	0	0	0	3
74	168	0	0.526205719	0	0	0	0	0	0	0	0	0	0	0	3
75	170	0	0.533316607	0	0	0	0	0	0	0	0	0	0	0	3
76	172	0	0.540427495	0	0	0	0	0	0	0	0	0	0	0	3
77	174	0	0.547538383	0	0	0	0	0	0	0	0	0	0	0	3
78	176	0	0.554649271	0	0	0	0	0	0	0	0	0	0	0	3
79	178	0	0.56176016	0	0	0	0	0	0	0	0	0	0	0	3
80	180	0	0.568871048	0	0	0	0	0	0	0	0	0	0	0	3
81	182	0	0.575981936	0	0	0	0	0	0	0	0	0	0	0	3
82	184	0	0.583092824	0	0	0	0	0	0	0	0	0	0	0	3
83	186	0	0.590203712	0	0	0	0	0	0	0	0	0	0	0	3
84	188	0	0.5973146	0	0	0	0	0	0	0	0	0	0	0	3
85	190	0	0.604425488	0	0	0	0	0	0	0	0	0	0	0	3
86	193	0	0.611536376	0	0	0	0	0	0	0	0	0	0	0	3
87	195	0	0.618647264	0	0	0	0	0	0	0	0	0	0	0	3
88	197	0	0.625758152	0	0	0	0	0	0	0	0	0	0	0	3
89	199	0	0.632869041	0	0	0	0	0	0	0	0	0	0	0	3
90	201	0	0.639979929	0	0	0	0	0	0	0	0	0	0	0	3
91	203	0	0.647090817	0	0	0	0	0	0	0	0	0	0	0	3
92	205	0	0.654201705	0	0	0	0	0	0	0	0	0	0	0	3
93	207	0	0.661312593	0	0	0	0	0	0	0	0	0	0	0	3
94	209	0	0.668423481	0	0	0	0	0	0	0	0	0	0	0	3
95	211	0	0.675534369	0	0	0	0	0	0	0	0	0	0	0	3
96	213	0	0.682645257	0	0	0	0	0	0	0	0	0	0	0	3
97	215	0	0.689756145	0	0	0	0	0	0	0	0	0	0	0	3
98	217	0	0.696867033	0	0	0	0	0	0	0	0	0	0	0	3
99	219	0	0.703977921	0	0	0	0	0	0	0	0	0	0	0	3
100	221	0	0.71108881	0	0	0	0	0	0	0	0	0	0	0	3
101	226	0	0.718199698	0	0	0	0	0	0	0	0	0	0	0	3
102	228	0	0.725310586	0	0	0	0	0	0	0	0	0	0	0	3
103	230	0	0.732421474	0	0	0	0	0	0	0	0	0	0	0	3
104	232	0	0.739532362	0	0	0	0	0	0	0	0	0	0	0	3
105	234	0	0.74664325	0	0	0	0	0	0	0	0	0	0	0	3
106	236	0	0.753754138	0	0	0	0	0	0	0	0	0	0	0	3
107	238	0	0.760865026	0	0	0	0	0	0	0	0	0	0	0	3
108	240	0	0.767975914	0	0	0	0	0	0	0	0	0	0	0	3
109	242	0	0.775086802	0	0	0	0	0	0	0	0	0	0	0	3
110	244	0	0.782197691	0	0	0	0	0	0	0	0	0	0	0	3
111	246	0	0.789308579	0	0	0	0	0	0	0	0	0	0	0	3
112	248	0	0.796419467	0	0	0	0	0	0	0	0	0	0	0	3
113	250	0	0.803530355	0	0	0	0	0	0	0	0	0	0	0	3
114	252	0	0.810641243	0	0	0	0	0	0	0	0	0	0	0	3
115	254	0	0.817752131	0	0	0	0	0	0	0	0	0	0	0	3
116	256	0	0.824863019	0	0	0	0	0	0	0	0	0	0	0	3
117	258	0	0.831973907	0	0	0	0	0	0	0	0	0	0	0	3
118	260	0	0.839084795	0	0	0	0	0	0	0	0	0	0	0	3
119	262	0	0.846195683	0	0	0	0	0	0	0	0	0	0	0	3
120	264	0	0.853306571	0	0	0	0	0	0	0	0	0	0	0	3
121	267	0	0.86041746	0	0	0	0	0	0	0	0	0	0	0	3
122	269	0	0.867528348	0	0	0	0	0	0	0	0	0	0	0	3
123	271	0	0.874639236	0	0	0	0	0	0	0	0	0	0	0	3
124	273	0	0.881750124	0	0	0	0	0	0	0	0	0	0	0	3
125	275	0	0.888861012	0	0	0	0	0	0	0	0	0	0	0	3
126	277	0	0.8959719	0	0	0	0	0	0	0	0	0	0	0	3
127	279	0	0.903082788	0	0	0	0	0	0	0	0	0	0	0	3
128	281	0	0.910193676	0	0	0	0	0	0	0	0	0	0	0	3
129	283	0	0.917304564	0	0	0	0	0	0	0	0	0	0	0	3
130	285	0	0.924415452	0	0	0	0	0	0	0	0	0	0	0	3
131	287	0	0.931526341	0	0	0	0	0	0	0	0	0	0	0	3
132	289	0	0.938637229	0	0	0	0	0	0	0	0	0	0	0	3
133	291	0	0.945748117	0	0	0	0	0	0	0	0	0	0	0	3
134	293	0	0.952859005	0	0	0	0	0	0	0	0	0	0	0	3
135	295	0	0.959969893	0	0	0	0	0	0	0	0	0	0	0	3
136	297	0	0.967080781	0	0	0	0	0	0	0	0	0	0	0	3
137	299	0	0.974191669	0	0	0	0	0	0	0	0	0	0	0	3
138	301	0	0.981302557	0	0	0	0	0	0	0	0	0	0	0	3
139	303	0	0.988413445	0	0	0	0	0	0	0	0	0	0	0	3
140	305	0	0.995524333	0	0	0	0	0	0	0	0	0	0	0	3
141	307	0	1.00263522	0	0	0	0	0	5e-06	0	0	0	0	0	3
142	310	0	1.00974611	0	0	0	0	0	5e-06	0	0	0	0	0	3
143	312	0	1.016857	0	0	0	0	0	5e-06	0	0	0	0	0	3
144	314	0	1.02396789	0	0	0	0	0	5e-06	0	0	0	0	0	3
145	316	0	1.03107877	0	0	0	0	0	5e-06	0	0	0	0	0	3
146	318	0	1.03818966	0	0	0	0	0	5e-06	0	0	0	0	0	3
147	320	0	1.04530055	0	0	0	0	0	5e-06	0	0	0	0	0	3
148	322	0	1.05241144	0	0	0	0	0	5e-06	0	0	0	0	0	3
149	325	0	1.05952233	0	0	0	0	0	5e-06	0	0	0	0	0	3
150	327	0	1.06663321	0	0	0	0	0	5e-06	0	0	0	0	0	3
151	329	0	1.0737441	0	0	0	0	0	5e-06	0	0	0	0	0	3
152	331	0	1.08085499	0	0	0	0	0	5e-06	0	0	0	0	0	3
153	333	0	1.08796588	0	0	0	0	0	5e-06	0	0	0	0	0	3
154	335	0	1.09507677	0	0	0	0	0	5e-06	0	0	0	0	0	3
155	337	0	1.10218765	0	0	0	0	0	5e-06	0	0	0	0	0	3
156	339	0	1.10929854	0	0	0	0	0	5e-06	0	0	0	0	0	3
157	342	0	1.11640943	0	0	0	0	0	5e-06	0	0	0	0	0	3
158	344	0	1.12352032	0	0	0	0	0	5e-06	0	0	0	0	0	3
159	346	0	1.13063121	0	0	0	0	0	5e-06	0	0	0	0	0	3
160	348	0	1.1377421	0	0	0	0	0	5e-06	0	0	0	0	0	3
161	350	0	1.14485298	0	0	0	0	0	5e-06	0	0	0	0	0	3
162	352	0	1.15196387	0	0	0	0	0	5e-06	0	0	0	0	0	3
163	354	0	1.15907476	0	0	0	0	0	5e-06	0	0	0	0	0	3
164	357	0	1.16618565	0	0	0	0	0	5e-06	0	0	0	0	0	3
165	359	0	1.17329654	0	0	0	0	0	5e-06	0	0	0	0	0	3
166	361	0	1.18040742	0	0	0	0	0	5e-06	0	0	0	0	0	3
167	363	0	1.18751831	0	0	0	0	0	5e-06	0	0	0	0	0	3
168	365	0	1.1946292	0	0	0	0	0	5e-06	0	0	0	0	0	3
169	367	0	1.20174009	0	0	0	0	0	5e-06	0	0	0	0	0	3
170	369	0	1.20885098	0	0	0	0	0	5e-06	0	0	0	0	0	3
171	372	0	1.21596186	0	0	0	0	0	5e-06	0	0	0	0	0	3
172	374	0	1.22307275	0	0	0	0	0	5e-06	0	0	0	0	0	3
173	376	0	1.23018364	0	0	0	0	0	5e-06	0	0	0	0	0	3
174	378	0	1.23729453	0	0	0	0	0	5e-06	0	0	0	0	0	3
